0 0.0849609375 0.1875 0.0478515625 0.052734375
0 0.8095703125 0.3251953125 0.0751953125 0.0791015625
0 0.5361328125 0.3642578125 0.0146484375 0.0908203125
0 0.60546875 0.3671875 0.0400390625 0.08203125
0 0.724609375 0.3896484375 0.041015625 0.0888671875
0 0.1767578125 0.4482421875 0.02734375 0.0478515625
0 0.615234375 0.4560546875 0.0498046875 0.05078125
0 0.1220703125 0.478515625 0.0498046875 0.1123046875
0 0.88671875 0.4814453125 0.0732421875 0.0869140625
0 0.03515625 0.5 0.04296875 0.0791015625
0 0.1767578125 0.5048828125 0.021484375 0.072265625
0 0.845703125 0.666015625 0.0419921875 0.0654296875
0 0.6748046875 0.7158203125 0.037109375 0.0908203125
0 0.2841796875 0.7294921875 0.041015625 0.05078125
0 0.265625 0.7705078125 0.044921875 0.0673828125
0 0.0263671875 0.9189453125 0.0234375 0.091796875
0 0.4091796875 0.1298828125 0.0380859375 0.0751953125