0 0.845703125 0.0380859375 0.029296875 0.01953125
0 0.8828125 0.048828125 0.021484375 0.0283203125
0 0.9306640625 0.0693359375 0.02734375 0.0390625
0 0.7119140625 0.1201171875 0.02734375 0.033203125
0 0.6513671875 0.236328125 0.0234375 0.05078125
0 0.740234375 0.2314453125 0.029296875 0.021484375
0 0.771484375 0.2529296875 0.02734375 0.0595703125
0 0.482421875 0.3994140625 0.0244140625 0.033203125
0 0.4150390625 0.3984375 0.0400390625 0.0283203125
0 0.341796875 0.6630859375 0.0244140625 0.0458984375
0 0.1572265625 0.6123046875 0.017578125 0.0478515625
0 0.11328125 0.75 0.041015625 0.0263671875
0 0.23828125 0.8349609375 0.03125 0.0341796875
0 0.3447265625 0.884765625 0.03125 0.0595703125
0 0.3251953125 0.97265625 0.046875 0.0439453125
0 0.431640625 0.8779296875 0.02734375 0.0390625
0 0.458984375 0.9326171875 0.056640625 0.0263671875
0 0.5361328125 0.9033203125 0.03125 0.033203125
0 0.595703125 0.9033203125 0.0341796875 0.0380859375
0 0.6513671875 0.76953125 0.0244140625 0.0263671875
0 0.56640625 0.7001953125 0.021484375 0.0341796875
0 0.431640625 0.7373046875 0.046875 0.0283203125
0 0.4765625 0.6787109375 0.044921875 0.021484375
0 0.642578125 0.599609375 0.037109375 0.0283203125
0 0.8203125 0.5419921875 0.033203125 0.0283203125
0 0.9599609375 0.515625 0.0234375 0.021484375
0 0.96875 0.5419921875 0.02734375 0.03125
0 0.9638671875 0.7744140625 0.0595703125 0.052734375
0 0.9072265625 0.88671875 0.0244140625 0.0263671875
0 0.896484375 0.9140625 0.0234375 0.0595703125
0 0.947265625 0.9453125 0.02734375 0.0546875
0 0.7392578125 0.90625 0.013671875 0.0625
0 0.23828125 0.1640625 0.0234375 0.0263671875
0 0.26953125 0.162109375 0.0234375 0.0283203125
0 0.142578125 0.2197265625 0.03125 0.021484375
0 0.298828125 0.2421875 0.03125 0.0595703125
0 0.3935546875 0.048828125 0.044921875 0.03125
0 0.1513671875 0.806640625 0.03125 0.0283203125
0 0.3388671875 0.05078125 0.0693359375 0.072265625
0 0.904296875 0.177734375 0.041015625 0.0859375
0 0.60546875 0.22265625 0.0244140625 0.083984375
0 0.5751953125 0.2421875 0.029296875 0.0283203125
0 0.5498046875 0.2158203125 0.041015625 0.0283203125
0 0.5341796875 0.17578125 0.02734375 0.0458984375
0 0.595703125 0.3271484375 0.05078125 0.0390625
0 0.3955078125 0.3369140625 0.0634765625 0.033203125
0 0.1767578125 0.4326171875 0.05078125 0.0390625
0 0.630859375 0.455078125 0.037109375 0.0546875
0 0.70703125 0.4560546875 0.056640625 0.033203125
0 0.8876953125 0.546875 0.041015625 0.0576171875
0 0.9677734375 0.7158203125 0.0595703125 0.0576171875
0 0.7939453125 0.9453125 0.033203125 0.0341796875