0 0.77734375 0.7978515625 0.0322265625 0.0654296875
0 0.748046875 0.890625 0.0380859375 0.0341796875
0 0.7958984375 0.8876953125 0.0244140625 0.07421875
0 0.7900390625 0.9521484375 0.0224609375 0.0458984375
0 0.5517578125 0.615234375 0.0283203125 0.052734375
0 0.3603515625 0.7783203125 0.0244140625 0.0341796875
0 0.1259765625 0.5498046875 0.0283203125 0.0341796875
0 0.1298828125 0.486328125 0.0419921875 0.0244140625
0 0.177734375 0.5478515625 0.0283203125 0.0234375
0 0.0322265625 0.521484375 0.0224609375 0.033203125
0 0.0361328125 0.3984375 0.0322265625 0.0244140625
0 0.1396484375 0.37890625 0.0341796875 0.0185546875
0 0.1826171875 0.2724609375 0.015625 0.0341796875
0 0.4599609375 0.341796875 0.0185546875 0.0654296875
0 0.2783203125 0.384765625 0.0244140625 0.0166015625
0 0.2216796875 0.1689453125 0.044921875 0.041015625
0 0.4521484375 0.1943359375 0.0263671875 0.0458984375
0 0.49609375 0.2412109375 0.015625 0.0341796875
0 0.4873046875 0.2255859375 0.021484375 0.0390625
0 0.46875 0.216796875 0.0263671875 0.033203125
0 0.9462890625 0.1669921875 0.0380859375 0.0341796875
0 0.935546875 0.970703125 0.0244140625 0.0556640625
0 0.119140625 0.04296875 0.0419921875 0.029296875
0 0.037109375 0.0107421875 0.0322265625 0.021484375
0 0.5732421875 0.0126953125 0.0283203125 0.0244140625
0 0.7998046875 0.0341796875 0.0322265625 0.0244140625
0 0.5986328125 0.9609375 0.0419921875 0.029296875
0 0.4130859375 0.890625 0.015625 0.0478515625
0 0.0107421875 0.666015625 0.015625 0.0390625
0 0.861328125 0.822265625 0.0615234375 0.0859375
0 0.9462890625 0.833984375 0.0654296875 0.091796875
0 0.84375 0.7197265625 0.0283203125 0.0478515625
0 0.7099609375 0.654296875 0.044921875 0.0361328125
0 0.5966796875 0.44140625 0.0322265625 0.0341796875
0 0.9052734375 0.3876953125 0.0556640625 0.041015625
0 0.8701171875 0.1611328125 0.0615234375 0.0390625
0 0.6240234375 0.033203125 0.0517578125 0.0654296875
0 0.6806640625 0.955078125 0.0341796875 0.0546875
0 0.3486328125 0.720703125 0.0322265625 0.0498046875
0 0.177734375 0.6171875 0.0546875 0.052734375
0 0.0517578125 0.6796875 0.0341796875 0.060546875
0 0.0615234375 0.8564453125 0.05859375 0.0546875
0 0.142578125 0.966796875 0.0458984375 0.033203125
0 0.3046875 0.150390625 0.087890625 0.0478515625
0 0.2353515625 0.337890625 0.0556640625 0.041015625
0 0.3427734375 0.47265625 0.0517578125 0.041015625
0 0.125 0.333984375 0.0546875 0.04296875
0 0.0908203125 0.224609375 0.0478515625 0.0478515625
0 0.4111328125 0.052734375 0.0419921875 0.0498046875
0 0.9208984375 0.4921875 0.0146484375 0.04296875
0 0.1982421875 0.2216796875 0.0458984375 0.04296875