0 0.9580078125 0.8447265625 0.021484375 0.03125
0 0.94921875 0.8837890625 0.029296875 0.0224609375
0 0.9267578125 0.9296875 0.041015625 0.0283203125
0 0.8759765625 0.7109375 0.0341796875 0.0283203125
0 0.76171875 0.65234375 0.052734375 0.0244140625
0 0.7666015625 0.7392578125 0.0234375 0.03125
0 0.7421875 0.7705078125 0.060546875 0.0283203125
0 0.5966796875 0.482421875 0.0341796875 0.0263671875
0 0.5986328125 0.4140625 0.029296875 0.041015625
0 0.3330078125 0.3408203125 0.0478515625 0.0263671875
0 0.384765625 0.15625 0.0498046875 0.0185546875
0 0.24609375 0.1142578125 0.0283203125 0.0419921875
0 0.1630859375 0.2392578125 0.0361328125 0.0322265625
0 0.111328125 0.345703125 0.060546875 0.0322265625
0 0.0244140625 0.3251953125 0.0458984375 0.0478515625
0 0.1171875 0.431640625 0.041015625 0.0283203125
0 0.0634765625 0.458984375 0.0283203125 0.05859375
0 0.0927734375 0.537109375 0.0341796875 0.0322265625
0 0.09375 0.59375 0.0390625 0.0341796875
0 0.2265625 0.650390625 0.0283203125 0.0263671875
0 0.2978515625 0.5654296875 0.0361328125 0.0224609375
0 0.259765625 0.431640625 0.029296875 0.0478515625
0 0.3193359375 0.4755859375 0.0234375 0.0458984375
0 0.3984375 0.6416015625 0.029296875 0.0380859375
0 0.4560546875 0.8203125 0.029296875 0.0341796875
0 0.4814453125 0.9599609375 0.0234375 0.0244140625
0 0.4560546875 0.96875 0.033203125 0.0283203125
0 0.2216796875 0.9638671875 0.0546875 0.060546875
0 0.109375 0.90625 0.0283203125 0.0263671875
0 0.0810546875 0.8974609375 0.060546875 0.0244140625
0 0.052734375 0.9462890625 0.0556640625 0.0283203125
0 0.08984375 0.740234375 0.064453125 0.0146484375
0 0.8310546875 0.2392578125 0.0283203125 0.0244140625
0 0.8359375 0.26953125 0.029296875 0.0244140625
0 0.7783203125 0.142578125 0.0234375 0.0322265625
0 0.75390625 0.2998046875 0.060546875 0.0322265625
0 0.94921875 0.392578125 0.033203125 0.0458984375
0 0.1904296875 0.15234375 0.029296875 0.0322265625
0 0.9453125 0.337890625 0.07421875 0.0693359375
0 0.8173828125 0.904296875 0.0859375 0.0419921875
0 0.7744140625 0.6044921875 0.0859375 0.0263671875
0 0.7548828125 0.5751953125 0.029296875 0.03125
0 0.78125 0.55078125 0.029296875 0.0419921875
0 0.8203125 0.5341796875 0.0478515625 0.0283203125
0 0.6689453125 0.5966796875 0.041015625 0.0517578125
0 0.6591796875 0.396484375 0.0341796875 0.064453125
0 0.5634765625 0.1767578125 0.041015625 0.0517578125
0 0.54296875 0.630859375 0.0556640625 0.0380859375
0 0.5400390625 0.7060546875 0.0341796875 0.05859375
0 0.4501953125 0.888671875 0.0595703125 0.0419921875
0 0.28125 0.966796875 0.0595703125 0.060546875
0 0.052734375 0.794921875 0.0361328125 0.0341796875