0 0.9365234375 0.8203125 0.03125 0.064453125
0 0.8427734375 0.8408203125 0.0341796875 0.041015625
0 0.943359375 0.7060546875 0.041015625 0.072265625
0 0.3876953125 0.806640625 0.03125 0.0341796875
0 0.4345703125 0.783203125 0.0126953125 0.0361328125
0 0.4091796875 0.7470703125 0.0224609375 0.0244140625
0 0.267578125 0.541015625 0.0341796875 0.029296875
0 0.125 0.513671875 0.0322265625 0.0283203125
0 0.14453125 0.4736328125 0.0283203125 0.0234375
0 0.115234375 0.873046875 0.0244140625 0.029296875
0 0.02734375 0.7138671875 0.0322265625 0.0234375
0 0.0517578125 0.7412109375 0.0478515625 0.0341796875
0 0.5517578125 0.779296875 0.03125 0.0654296875
0 0.5 0.6533203125 0.0341796875 0.021484375
0 0.4931640625 0.6142578125 0.0380859375 0.0146484375
0 0.501953125 0.5751953125 0.03125 0.041015625
0 0.4267578125 0.47265625 0.0419921875 0.0244140625
0 0.392578125 0.3232421875 0.0224609375 0.0478515625
0 0.3271484375 0.255859375 0.0341796875 0.0341796875
0 0.3603515625 0.189453125 0.0244140625 0.029296875
0 0.15625 0.2216796875 0.0283203125 0.0234375
0 0.041015625 0.0634765625 0.0185546875 0.0283203125
0 0.02734375 0.03515625 0.0244140625 0.060546875
0 0.5966796875 0.1396484375 0.0185546875 0.0458984375
0 0.650390625 0.259765625 0.015625 0.0458984375
0 0.4677734375 0.2158203125 0.0244140625 0.0390625
0 0.9365234375 0.201171875 0.0283203125 0.0283203125
0 0.9521484375 0.16015625 0.03125 0.021484375
0 0.98046875 0.2294921875 0.0146484375 0.0546875
0 0.40625 0.625 0.0263671875 0.0390625
0 0.6103515625 0.4453125 0.05078125 0.0791015625
0 0.4462890625 0.4248046875 0.05859375 0.0791015625
0 0.12890625 0.3798828125 0.0341796875 0.0458984375
0 0.052734375 0.494140625 0.05859375 0.0703125
0 0.0556640625 0.2021484375 0.0546875 0.052734375
0 0.6220703125 0.2060546875 0.05078125 0.0478515625
0 0.4619140625 0.3291015625 0.0185546875 0.0556640625
0 0.478515625 0.2685546875 0.0322265625 0.060546875
0 0.37109375 0.28515625 0.0478515625 0.060546875
0 0.3232421875 0.865234375 0.0341796875 0.0390625