0 0.9560546875 0.1865234375 0.0234375 0.041015625
0 0.8349609375 0.4140625 0.0234375 0.0390625
0 0.5908203125 0.181640625 0.021484375 0.0146484375
0 0.513671875 0.21875 0.01953125 0.0458984375
0 0.486328125 0.1513671875 0.046875 0.0263671875
0 0.4208984375 0.208984375 0.037109375 0.0166015625
0 0.39453125 0.16015625 0.021484375 0.03125
0 0.3095703125 0.1845703125 0.017578125 0.041015625
0 0.0361328125 0.2021484375 0.03125 0.0595703125
0 0.060546875 0.61328125 0.0341796875 0.0390625
0 0.0849609375 0.7099609375 0.033203125 0.0283203125
0 0.236328125 0.78515625 0.029296875 0.05078125
0 0.255859375 0.8720703125 0.01953125 0.0390625
0 0.4892578125 0.650390625 0.0234375 0.0341796875
0 0.53125 0.83203125 0.03125 0.0390625
0 0.48828125 0.814453125 0.04296875 0.0263671875
0 0.462890625 0.77734375 0.017578125 0.0380859375
0 0.4638671875 0.8984375 0.033203125 0.041015625
0 0.8525390625 0.978515625 0.02734375 0.033203125
0 0.8974609375 0.9658203125 0.046875 0.0234375
0 0.8818359375 0.7705078125 0.03125 0.03125
0 0.98046875 0.818359375 0.017578125 0.0380859375
0 0.798828125 0.8427734375 0.021484375 0.0341796875
0 0.630859375 0.7568359375 0.0078125 0.033203125
0 0.6474609375 0.5224609375 0.041015625 0.0283203125
0 0.6103515625 0.015625 0.0107421875 0.03125
0 0.646484375 0.0107421875 0.041015625 0.021484375
0 0.505859375 0.3203125 0.02734375 0.0390625
0 0.533203125 0.3310546875 0.021484375 0.0546875
0 0.5126953125 0.396484375 0.03125 0.0595703125
0 0.8642578125 0.0732421875 0.0107421875 0.0283203125
0 0.6533203125 0.8984375 0.03125 0.0380859375
0 0.3486328125 0.5302734375 0.0234375 0.0283203125
0 0.6279296875 0.11328125 0.02734375 0.0390625
0 0.7724609375 0.103515625 0.0791015625 0.072265625
0 0.630859375 0.2529296875 0.05078125 0.05078125
0 0.7841796875 0.0224609375 0.0234375 0.0439453125
0 0.82421875 0.02734375 0.046875 0.05078125
0 0.9150390625 0.1015625 0.0693359375 0.072265625
0 0.7119140625 0.4970703125 0.041015625 0.0654296875
0 0.6875 0.748046875 0.033203125 0.0791015625
0 0.5986328125 0.7734375 0.033203125 0.0546875
0 0.4970703125 0.7060546875 0.0234375 0.033203125
0 0.27734375 0.5771484375 0.056640625 0.0263671875
0 0.0419921875 0.3115234375 0.046875 0.064453125
0 0.41015625 0.953125 0.0234375 0.064453125
0 0.318359375 0.1376953125 0.041015625 0.0546875
0 0.62109375 0.0634765625 0.056640625 0.0341796875