0 0.95703125 0.8095703125 0.0244140625 0.04296875
0 0.8349609375 0.580078125 0.0244140625 0.041015625
0 0.591796875 0.814453125 0.0224609375 0.0166015625
0 0.5126953125 0.775390625 0.021484375 0.0478515625
0 0.4853515625 0.8427734375 0.0478515625 0.0283203125
0 0.419921875 0.78515625 0.0380859375 0.0185546875
0 0.39453125 0.8359375 0.0224609375 0.033203125
0 0.30859375 0.810546875 0.0185546875 0.04296875
0 0.037109375 0.7919921875 0.0322265625 0.060546875
0 0.0595703125 0.380859375 0.0341796875 0.041015625
0 0.0849609375 0.2861328125 0.0341796875 0.029296875
0 0.2353515625 0.2109375 0.03125 0.052734375
0 0.255859375 0.1220703125 0.021484375 0.041015625
0 0.490234375 0.345703125 0.0244140625 0.0361328125
0 0.5322265625 0.162109375 0.0322265625 0.041015625
0 0.4892578125 0.1796875 0.044921875 0.0283203125
0 0.4619140625 0.21875 0.0185546875 0.0390625
0 0.4638671875 0.0966796875 0.0341796875 0.04296875
0 0.8525390625 0.0166015625 0.0283203125 0.033203125
0 0.896484375 0.0283203125 0.0478515625 0.0244140625
0 0.8828125 0.2255859375 0.0322265625 0.033203125
0 0.9794921875 0.177734375 0.0185546875 0.0390625
0 0.7998046875 0.1533203125 0.0224609375 0.0361328125
0 0.630859375 0.2373046875 0.0087890625 0.0341796875
0 0.6484375 0.4736328125 0.0419921875 0.029296875
0 0.611328125 0.98046875 0.0126953125 0.033203125
0 0.6474609375 0.9853515625 0.0419921875 0.0234375
0 0.505859375 0.673828125 0.0283203125 0.041015625
0 0.533203125 0.6630859375 0.0224609375 0.0556640625
0 0.513671875 0.59765625 0.0322265625 0.060546875
0 0.865234375 0.9228515625 0.0126953125 0.029296875
0 0.6533203125 0.0966796875 0.0322265625 0.0390625
0 0.3486328125 0.4658203125 0.0244140625 0.029296875
0 0.626953125 0.880859375 0.0283203125 0.041015625
0 0.771484375 0.890625 0.080078125 0.07421875
0 0.630859375 0.7431640625 0.0517578125 0.052734375
0 0.7841796875 0.97265625 0.0244140625 0.0478515625
0 0.8232421875 0.96875 0.0478515625 0.052734375
0 0.9130859375 0.892578125 0.0693359375 0.07421875
0 0.712890625 0.4970703125 0.0419921875 0.0673828125
0 0.6884765625 0.24609375 0.0341796875 0.0810546875
0 0.5986328125 0.2216796875 0.0341796875 0.0556640625
0 0.4970703125 0.2890625 0.0244140625 0.0341796875
0 0.2763671875 0.4169921875 0.05859375 0.0283203125
0 0.041015625 0.6845703125 0.0478515625 0.0654296875
0 0.4111328125 0.04296875 0.0244140625 0.0654296875
0 0.3193359375 0.8583984375 0.0419921875 0.0556640625
0 0.62109375 0.9326171875 0.05859375 0.0361328125