0 0.9365234375 0.1748046875 0.029296875 0.0625
0 0.84375 0.1533203125 0.0341796875 0.0390625
0 0.9443359375 0.2900390625 0.0400390625 0.0703125
0 0.388671875 0.1875 0.029296875 0.033203125
0 0.43359375 0.212890625 0.0107421875 0.0341796875
0 0.4091796875 0.2470703125 0.021484375 0.0234375
0 0.2685546875 0.455078125 0.0341796875 0.0283203125
0 0.1240234375 0.48046875 0.03125 0.0263671875
0 0.14453125 0.5224609375 0.02734375 0.021484375
0 0.1142578125 0.1220703125 0.0234375 0.0283203125
0 0.0263671875 0.2822265625 0.03125 0.021484375
0 0.0517578125 0.2529296875 0.046875 0.033203125
0 0.5517578125 0.2158203125 0.029296875 0.064453125
0 0.4990234375 0.3408203125 0.033203125 0.01953125
0 0.494140625 0.3798828125 0.037109375 0.0126953125
0 0.5029296875 0.4189453125 0.029296875 0.0390625
0 0.4267578125 0.521484375 0.041015625 0.0234375
0 0.3916015625 0.6708984375 0.021484375 0.0458984375
0 0.328125 0.73828125 0.0341796875 0.033203125
0 0.359375 0.806640625 0.0234375 0.0283203125
0 0.1572265625 0.7734375 0.02734375 0.021484375
0 0.0419921875 0.9306640625 0.017578125 0.0263671875
0 0.0263671875 0.958984375 0.0234375 0.0595703125
0 0.59765625 0.8564453125 0.017578125 0.0439453125
0 0.6513671875 0.736328125 0.0146484375 0.0439453125
0 0.466796875 0.7802734375 0.0234375 0.0380859375
0 0.9365234375 0.79296875 0.02734375 0.0263671875
0 0.953125 0.833984375 0.029296875 0.01953125
0 0.9794921875 0.7646484375 0.013671875 0.052734375
0 0.4072265625 0.37109375 0.0244140625 0.0380859375
0 0.611328125 0.5498046875 0.0498046875 0.0771484375
0 0.447265625 0.5712890625 0.056640625 0.0771484375
0 0.1279296875 0.6162109375 0.033203125 0.0439453125
0 0.052734375 0.5 0.056640625 0.0693359375
0 0.0546875 0.7919921875 0.052734375 0.05078125
0 0.6220703125 0.7880859375 0.0498046875 0.0458984375
0 0.462890625 0.6669921875 0.017578125 0.0546875
0 0.478515625 0.7255859375 0.03125 0.0595703125
0 0.37109375 0.708984375 0.046875 0.0595703125
0 0.32421875 0.130859375 0.0341796875 0.0380859375