0 0.810546875 0.95703125 0.04296875 0.0244140625
0 0.5810546875 0.8349609375 0.041015625 0.0244140625
0 0.8154296875 0.591796875 0.0166015625 0.0224609375
0 0.77734375 0.5126953125 0.0478515625 0.021484375
0 0.8447265625 0.4853515625 0.0283203125 0.0478515625
0 0.787109375 0.419921875 0.0185546875 0.0380859375
0 0.8369140625 0.39453125 0.033203125 0.0224609375
0 0.8125 0.30859375 0.04296875 0.0185546875
0 0.7939453125 0.037109375 0.060546875 0.0322265625
0 0.3828125 0.0595703125 0.041015625 0.0341796875
0 0.2880859375 0.0849609375 0.029296875 0.0341796875
0 0.2119140625 0.2353515625 0.052734375 0.03125
0 0.1240234375 0.255859375 0.041015625 0.021484375
0 0.345703125 0.490234375 0.0361328125 0.0244140625
0 0.1640625 0.5322265625 0.041015625 0.0322265625
0 0.181640625 0.4892578125 0.0283203125 0.044921875
0 0.220703125 0.4619140625 0.0390625 0.0185546875
0 0.0986328125 0.4638671875 0.04296875 0.0341796875
0 0.017578125 0.8525390625 0.0341796875 0.0283203125
0 0.0302734375 0.896484375 0.0244140625 0.0478515625
0 0.2265625 0.8828125 0.033203125 0.0322265625
0 0.1796875 0.9794921875 0.0390625 0.0185546875
0 0.154296875 0.7998046875 0.0361328125 0.0224609375
0 0.2392578125 0.630859375 0.0341796875 0.0087890625
0 0.4755859375 0.6484375 0.029296875 0.0419921875
0 0.9814453125 0.611328125 0.033203125 0.0126953125
0 0.9873046875 0.6474609375 0.0234375 0.0419921875
0 0.6748046875 0.505859375 0.041015625 0.0283203125
0 0.666015625 0.533203125 0.0556640625 0.0224609375
0 0.599609375 0.513671875 0.060546875 0.0322265625
0 0.9248046875 0.865234375 0.029296875 0.0126953125
0 0.0986328125 0.6533203125 0.0390625 0.0322265625
0 0.466796875 0.3486328125 0.029296875 0.0244140625
0 0.8828125 0.626953125 0.041015625 0.0283203125
0 0.892578125 0.771484375 0.07421875 0.080078125
0 0.7451171875 0.630859375 0.052734375 0.0517578125
0 0.9755859375 0.7841796875 0.0458984375 0.0244140625
0 0.970703125 0.8232421875 0.052734375 0.0478515625
0 0.8935546875 0.9130859375 0.07421875 0.0693359375
0 0.4990234375 0.712890625 0.0673828125 0.0419921875
0 0.2470703125 0.6884765625 0.0810546875 0.0341796875
0 0.2236328125 0.5986328125 0.0556640625 0.0341796875
0 0.2900390625 0.4970703125 0.0341796875 0.0244140625
0 0.4189453125 0.2763671875 0.0283203125 0.05859375
0 0.685546875 0.041015625 0.0654296875 0.0478515625
0 0.0439453125 0.4111328125 0.0654296875 0.0244140625
0 0.8603515625 0.3193359375 0.0556640625 0.0419921875
0 0.9345703125 0.62109375 0.0361328125 0.05859375