0 0.9814453125 0.51171875 0.033203125 0.021484375
0 0.7705078125 0.529296875 0.021484375 0.0341796875
0 0.716796875 0.3662109375 0.029296875 0.044921875
0 0.5595703125 0.11328125 0.0234375 0.0283203125
0 0.5439453125 0.748046875 0.0478515625 0.0263671875
0 0.537109375 0.9296875 0.041015625 0.0478515625
0 0.6533203125 0.8828125 0.0244140625 0.044921875
0 0.662109375 0.8154296875 0.0341796875 0.03125
0 0.83203125 0.8515625 0.0234375 0.0341796875
0 0.791015625 0.595703125 0.04296875 0.0224609375
0 0.8134765625 0.6279296875 0.0341796875 0.0283203125
0 0.34375 0.537109375 0.0390625 0.044921875
0 0.3876953125 0.7998046875 0.0244140625 0.0244140625
0 0.0927734375 0.57421875 0.0341796875 0.0419921875
0 0.2275390625 0.341796875 0.0283203125 0.0341796875
0 0.111328125 0.166015625 0.041015625 0.0517578125
0 0.4453125 0.0380859375 0.0478515625 0.0341796875
0 0.8359375 0.1669921875 0.0244140625 0.0341796875
0 0.80859375 0.0869140625 0.0283203125 0.0322265625
0 0.7373046875 0.556640625 0.0498046875 0.0283203125
0 0.7744140625 0.70703125 0.033203125 0.0244140625
0 0.9716796875 0.2763671875 0.0478515625 0.0546875
0 0.83203125 0.67578125 0.0654296875 0.0517578125
0 0.9521484375 0.35546875 0.0498046875 0.09375
0 0.8515625 0.4619140625 0.060546875 0.0341796875
0 0.7001953125 0.4755859375 0.060546875 0.0546875
0 0.6435546875 0.3251953125 0.0390625 0.0458984375
0 0.5791015625 0.3271484375 0.0390625 0.0556640625
0 0.5205078125 0.4716796875 0.0341796875 0.0517578125
0 0.5791015625 0.603515625 0.0595703125 0.0419921875
0 0.3828125 0.4970703125 0.060546875 0.0322265625
0 0.53125 0.3388671875 0.0390625 0.0517578125
0 0.3759765625 0.265625 0.0478515625 0.0478515625
0 0.400390625 0.171875 0.0478515625 0.05859375
0 0.7119140625 0.78125 0.091796875 0.0380859375
0 0.7734375 0.841796875 0.060546875 0.0341796875
0 0.9638671875 0.919921875 0.0458984375 0.05859375
0 0.419921875 0.689453125 0.060546875 0.0546875
0 0.6552734375 0.1171875 0.0341796875 0.0546875