0 0.6552734375 0.958984375 0.0263671875 0.052734375
0 0.4296875 0.7373046875 0.0283203125 0.033203125
0 0.982421875 0.5439453125 0.03125 0.0283203125
0 0.82421875 0.4296875 0.0341796875 0.060546875
0 0.740234375 0.3583984375 0.0283203125 0.0361328125
0 0.1298828125 0.7587890625 0.0244140625 0.060546875
0 0.021484375 0.826171875 0.0341796875 0.0283203125
0 0.068359375 0.69921875 0.0341796875 0.052734375
0 0.0615234375 0.2685546875 0.0322265625 0.033203125
0 0.583984375 0.236328125 0.0615234375 0.0283203125
0 0.4794921875 0.333984375 0.0185546875 0.033203125
0 0.83203125 0.2412109375 0.0283203125 0.0341796875
0 0.791015625 0.162109375 0.0244140625 0.021484375
0 0.833984375 0.158203125 0.0283203125 0.029296875
0 0.9013671875 0.2158203125 0.0322265625 0.029296875
0 0.2158203125 0.03515625 0.021484375 0.0341796875
0 0.1875 0.0546875 0.0283203125 0.0234375
0 0.400390625 0.3828125 0.0283203125 0.0234375
0 0.267578125 0.447265625 0.0322265625 0.0234375
0 0.3251953125 0.4609375 0.03125 0.029296875
0 0.3408203125 0.154296875 0.0478515625 0.0234375
0 0.6865234375 0.7060546875 0.0380859375 0.0283203125
0 0.0791015625 0.861328125 0.0146484375 0.0478515625
0 0.0908203125 0.8984375 0.0146484375 0.041015625
0 0.92578125 0.796875 0.0546875 0.041015625
0 0.91796875 0.7373046875 0.068359375 0.060546875
0 0.759765625 0.650390625 0.044921875 0.0341796875
0 0.2529296875 0.6982421875 0.0517578125 0.041015625
0 0.1611328125 0.720703125 0.044921875 0.0498046875
0 0.107421875 0.5458984375 0.0908203125 0.0791015625
0 0.2353515625 0.5107421875 0.0283203125 0.0478515625
0 0.353515625 0.3564453125 0.0654296875 0.0546875
0 0.2919921875 0.158203125 0.0517578125 0.072265625
0 0.51171875 0.365234375 0.0283203125 0.0361328125
0 0.6357421875 0.435546875 0.0546875 0.033203125
0 0.720703125 0.251953125 0.044921875 0.0654296875
0 0.482421875 0.0224609375 0.0380859375 0.0439453125
0 0.859375 0.0361328125 0.0322265625 0.072265625
0 0.0400390625 0.7734375 0.0244140625 0.052734375