0 0.9228515625 0.0859375 0.0244140625 0.05078125
0 0.6044921875 0.2314453125 0.03125 0.0478515625
0 0.4853515625 0.0888671875 0.0244140625 0.052734375
0 0.4033203125 0.15625 0.037109375 0.0390625
0 0.26171875 0.2138671875 0.04296875 0.033203125
0 0.279296875 0.2470703125 0.05078125 0.033203125
0 0.48828125 0.31640625 0.03125 0.041015625
0 0.306640625 0.4169921875 0.02734375 0.0439453125
0 0.2529296875 0.103515625 0.0234375 0.052734375
0 0.1708984375 0.1279296875 0.02734375 0.0263671875
0 0.5888671875 0.7412109375 0.021484375 0.0380859375
0 0.505859375 0.7783203125 0.0234375 0.0390625
0 0.4873046875 0.7431640625 0.017578125 0.033203125
0 0.3154296875 0.69140625 0.029296875 0.041015625
0 0.2490234375 0.6767578125 0.0234375 0.0546875
0 0.28125 0.6474609375 0.041015625 0.0283203125
0 0.9853515625 0.658203125 0.0234375 0.0458984375
0 0.08203125 0.8251953125 0.021484375 0.033203125
0 0.9248046875 0.0283203125 0.021484375 0.021484375
0 0.9833984375 0.02734375 0.03125 0.03125
0 0.515625 0.2431640625 0.037109375 0.033203125
0 0.431640625 0.505859375 0.021484375 0.0478515625
0 0.9013671875 0.6826171875 0.0595703125 0.0390625
0 0.9736328125 0.0751953125 0.046875 0.052734375
0 0.7861328125 0.3251953125 0.0498046875 0.0478515625
0 0.591796875 0.3037109375 0.044921875 0.0576171875
0 0.568359375 0.2626953125 0.046875 0.0341796875
0 0.4140625 0.2294921875 0.041015625 0.041015625
0 0.349609375 0.265625 0.04296875 0.0576171875
0 0.064453125 0.2998046875 0.0244140625 0.0478515625
0 0.1962890625 0.05859375 0.052734375 0.0439453125
0 0.2021484375 0.0126953125 0.115234375 0.025390625
0 0.01953125 0.03125 0.0390625 0.0546875
0 0.2138671875 0.4775390625 0.0400390625 0.0439453125
0 0.12109375 0.8525390625 0.041015625 0.0380859375
0 0.2998046875 0.390625 0.04296875 0.0380859375