0 0.8212890625 0.9365234375 0.064453125 0.03125
0 0.8427734375 0.8427734375 0.041015625 0.0341796875
0 0.70703125 0.943359375 0.072265625 0.041015625
0 0.80859375 0.3876953125 0.0341796875 0.03125
0 0.7841796875 0.4345703125 0.0361328125 0.0126953125
0 0.7490234375 0.4091796875 0.0244140625 0.0224609375
0 0.54296875 0.267578125 0.029296875 0.0341796875
0 0.515625 0.125 0.0283203125 0.0322265625
0 0.4755859375 0.14453125 0.0234375 0.0283203125
0 0.875 0.115234375 0.029296875 0.0244140625
0 0.7158203125 0.02734375 0.0234375 0.0322265625
0 0.7421875 0.0517578125 0.0341796875 0.0478515625
0 0.78125 0.5517578125 0.0654296875 0.03125
0 0.6552734375 0.5 0.021484375 0.0341796875
0 0.6162109375 0.4931640625 0.0146484375 0.0380859375
0 0.576171875 0.501953125 0.041015625 0.03125
0 0.474609375 0.4267578125 0.0244140625 0.0419921875
0 0.3251953125 0.392578125 0.0478515625 0.0224609375
0 0.2578125 0.3271484375 0.0341796875 0.0341796875
0 0.1904296875 0.3603515625 0.029296875 0.0244140625
0 0.2236328125 0.15625 0.0234375 0.0283203125
0 0.0654296875 0.041015625 0.0283203125 0.0185546875
0 0.037109375 0.02734375 0.060546875 0.0244140625
0 0.1396484375 0.5966796875 0.0458984375 0.0185546875
0 0.26171875 0.650390625 0.0458984375 0.015625
0 0.216796875 0.4677734375 0.0390625 0.0244140625
0 0.203125 0.9365234375 0.0283203125 0.0283203125
0 0.162109375 0.9521484375 0.021484375 0.03125
0 0.2314453125 0.98046875 0.0546875 0.0146484375
0 0.626953125 0.40625 0.0390625 0.0263671875
0 0.447265625 0.6103515625 0.0791015625 0.05078125
0 0.42578125 0.4462890625 0.0791015625 0.05859375
0 0.3818359375 0.12890625 0.0458984375 0.0341796875
0 0.49609375 0.052734375 0.0703125 0.05859375
0 0.2060546875 0.0556640625 0.052734375 0.0546875
0 0.2080078125 0.6220703125 0.0478515625 0.05078125
0 0.3310546875 0.4619140625 0.0556640625 0.0185546875
0 0.2705078125 0.478515625 0.060546875 0.0322265625
0 0.287109375 0.37109375 0.060546875 0.0478515625
0 0.8671875 0.3232421875 0.0390625 0.0341796875