0 0.8447265625 0.9560546875 0.03125 0.021484375
0 0.8837890625 0.947265625 0.0224609375 0.029296875
0 0.9296875 0.9248046875 0.0283203125 0.041015625
0 0.7109375 0.8740234375 0.0283203125 0.0341796875
0 0.65234375 0.759765625 0.0244140625 0.052734375
0 0.7392578125 0.7646484375 0.03125 0.0234375
0 0.7705078125 0.7412109375 0.0283203125 0.060546875
0 0.482421875 0.5947265625 0.0263671875 0.0341796875
0 0.4140625 0.5966796875 0.041015625 0.029296875
0 0.3408203125 0.3310546875 0.0263671875 0.0478515625
0 0.15625 0.3828125 0.0185546875 0.0498046875
0 0.1142578125 0.244140625 0.0419921875 0.0283203125
0 0.2392578125 0.1611328125 0.0322265625 0.0361328125
0 0.345703125 0.109375 0.0322265625 0.060546875
0 0.3251953125 0.0234375 0.0478515625 0.0458984375
0 0.431640625 0.1162109375 0.0283203125 0.041015625
0 0.458984375 0.0615234375 0.05859375 0.0283203125
0 0.537109375 0.0908203125 0.0322265625 0.0341796875
0 0.59375 0.091796875 0.0341796875 0.0390625
0 0.650390625 0.224609375 0.0263671875 0.0283203125
0 0.5654296875 0.2958984375 0.0224609375 0.0361328125
0 0.431640625 0.2578125 0.0478515625 0.029296875
0 0.4755859375 0.3173828125 0.0458984375 0.0234375
0 0.6416015625 0.396484375 0.0380859375 0.029296875
0 0.8203125 0.4541015625 0.0341796875 0.029296875
0 0.9599609375 0.48046875 0.0244140625 0.0234375
0 0.96875 0.4541015625 0.0283203125 0.033203125
0 0.9638671875 0.2197265625 0.060546875 0.0546875
0 0.90625 0.107421875 0.0263671875 0.0283203125
0 0.8974609375 0.080078125 0.0244140625 0.060546875
0 0.9462890625 0.05078125 0.0283203125 0.0556640625
0 0.740234375 0.087890625 0.0146484375 0.064453125
0 0.2392578125 0.830078125 0.0244140625 0.0283203125
0 0.26953125 0.833984375 0.0244140625 0.029296875
0 0.142578125 0.7763671875 0.0322265625 0.0234375
0 0.2998046875 0.7529296875 0.0322265625 0.060546875
0 0.392578125 0.947265625 0.0458984375 0.033203125
0 0.15234375 0.189453125 0.0322265625 0.029296875
0 0.337890625 0.943359375 0.0693359375 0.07421875
0 0.904296875 0.8154296875 0.0419921875 0.0859375
0 0.6044921875 0.7734375 0.0263671875 0.0859375
0 0.5751953125 0.7529296875 0.03125 0.029296875
0 0.55078125 0.779296875 0.0419921875 0.029296875
0 0.5341796875 0.818359375 0.0283203125 0.0478515625
0 0.5966796875 0.6669921875 0.0517578125 0.041015625
0 0.396484375 0.6572265625 0.064453125 0.0341796875
0 0.1767578125 0.5615234375 0.0517578125 0.041015625
0 0.630859375 0.541015625 0.0380859375 0.0556640625
0 0.7060546875 0.5390625 0.05859375 0.0341796875
0 0.888671875 0.44921875 0.0419921875 0.0595703125
0 0.966796875 0.279296875 0.060546875 0.0595703125
0 0.794921875 0.05078125 0.0341796875 0.0361328125