0 0.365234375 0.8935546875 0.0244140625 0.041015625
0 0.3193359375 0.8681640625 0.0419921875 0.033203125
0 0.1904296875 0.8564453125 0.0244140625 0.0341796875
0 0.1396484375 0.474609375 0.0224609375 0.0478515625
0 0.150390625 0.404296875 0.03125 0.033203125
0 0.166015625 0.4453125 0.0185546875 0.0556640625
0 0.2060546875 0.5693359375 0.0185546875 0.0361328125
0 0.2275390625 0.623046875 0.0224609375 0.0234375
0 0.2861328125 0.6083984375 0.0283203125 0.029296875
0 0.369140625 0.646484375 0.0244140625 0.0361328125
0 0.169921875 0.2314453125 0.0380859375 0.0341796875
0 0.1904296875 0.19921875 0.044921875 0.033203125
0 0.2041015625 0.1484375 0.0322265625 0.029296875
0 0.357421875 0.2958984375 0.0458984375 0.029296875
0 0.4130859375 0.2734375 0.03125 0.0234375
0 0.43359375 0.2236328125 0.03125 0.029296875
0 0.4658203125 0.3173828125 0.03125 0.029296875
0 0.4130859375 0.333984375 0.0283203125 0.0361328125
0 0.62890625 0.8359375 0.0244140625 0.029296875
0 0.6865234375 0.8037109375 0.0283203125 0.0341796875
0 0.76171875 0.9228515625 0.0283203125 0.0390625
0 0.75 0.9833984375 0.0224609375 0.029296875
0 0.8671875 0.837890625 0.03125 0.041015625
0 0.966796875 0.8857421875 0.0322265625 0.0478515625
0 0.958984375 0.7880859375 0.0263671875 0.0234375
0 0.955078125 0.7646484375 0.044921875 0.0234375
0 0.638671875 0.66015625 0.0224609375 0.0478515625
0 0.7001953125 0.587890625 0.03125 0.041015625
0 0.771484375 0.5439453125 0.021484375 0.0341796875
0 0.89453125 0.4833984375 0.0146484375 0.0498046875
0 0.9267578125 0.4248046875 0.0244140625 0.0283203125
0 0.9599609375 0.4794921875 0.0283203125 0.0244140625
0 0.96875 0.32421875 0.0263671875 0.029296875
0 0.986328125 0.37890625 0.0224609375 0.0341796875
0 0.7998046875 0.283203125 0.0224609375 0.04296875
0 0.7431640625 0.2373046875 0.0380859375 0.021484375
0 0.517578125 0.029296875 0.0341796875 0.0458984375
0 0.9365234375 0.087890625 0.021484375 0.0478515625
0 0.890625 0.1982421875 0.0458984375 0.0244140625
0 0.625 0.3896484375 0.0341796875 0.029296875
0 0.6142578125 0.47265625 0.021484375 0.0478515625
0 0.54296875 0.6064453125 0.0185546875 0.021484375
0 0.501953125 0.7958984375 0.021484375 0.029296875
0 0.484375 0.8095703125 0.0224609375 0.0234375
0 0.6005859375 0.9736328125 0.0185546875 0.0458984375
0 0.6171875 0.9345703125 0.0224609375 0.0361328125
0 0.6474609375 0.9560546875 0.0224609375 0.021484375
0 0.66796875 0.939453125 0.0283203125 0.029296875
0 0.3466796875 0.0126953125 0.021484375 0.0244140625
0 0.783203125 0.3359375 0.0146484375 0.029296875
0 0.755859375 0.345703125 0.03125 0.0234375
0 0.1220703125 0.9541015625 0.0224609375 0.033203125
0 0.33203125 0.8046875 0.0244140625 0.0244140625
0 0.4716796875 0.7109375 0.05859375 0.060546875
0 0.521484375 0.7060546875 0.0380859375 0.0341796875
0 0.5869140625 0.8095703125 0.0341796875 0.029296875
0 0.5556640625 0.7919921875 0.0244140625 0.0341796875
0 0.4677734375 0.912109375 0.0546875 0.041015625
0 0.3544921875 0.970703125 0.068359375 0.0361328125
0 0.58203125 0.904296875 0.044921875 0.033203125
0 0.568359375 0.5712890625 0.0419921875 0.041015625
0 0.7275390625 0.5361328125 0.0341796875 0.0458984375
0 0.77734375 0.490234375 0.0341796875 0.0361328125
0 0.740234375 0.390625 0.0419921875 0.041015625
0 0.8115234375 0.9140625 0.0263671875 0.0556640625
0 0.2998046875 0.546875 0.044921875 0.060546875
0 0.380859375 0.4931640625 0.0458984375 0.052734375
0 0.490234375 0.2060546875 0.0322265625 0.041015625
0 0.529296875 0.23046875 0.0341796875 0.033203125
0 0.38671875 0.025390625 0.060546875 0.0341796875
0 0.357421875 0.083984375 0.0283203125 0.0458984375
0 0.0966796875 0.03515625 0.03125 0.0546875
0 0.052734375 0.5927734375 0.0322265625 0.0341796875
0 0.0576171875 0.7236328125 0.03125 0.0390625