0 0.9228515625 0.9091796875 0.0263671875 0.052734375
0 0.60546875 0.7646484375 0.0322265625 0.0498046875
0 0.484375 0.9052734375 0.0263671875 0.0546875
0 0.4033203125 0.837890625 0.0380859375 0.041015625
0 0.2626953125 0.7802734375 0.044921875 0.0341796875
0 0.279296875 0.7470703125 0.0517578125 0.0341796875
0 0.4892578125 0.6796875 0.0322265625 0.04296875
0 0.306640625 0.5791015625 0.0283203125 0.0458984375
0 0.25390625 0.890625 0.0244140625 0.0546875
0 0.169921875 0.8662109375 0.0283203125 0.0283203125
0 0.5888671875 0.2548828125 0.0224609375 0.0390625
0 0.505859375 0.2158203125 0.0244140625 0.041015625
0 0.4873046875 0.2509765625 0.0185546875 0.0341796875
0 0.3154296875 0.3046875 0.03125 0.04296875
0 0.25 0.3193359375 0.0244140625 0.0556640625
0 0.28125 0.3486328125 0.0419921875 0.029296875
0 0.986328125 0.3359375 0.0244140625 0.0478515625
0 0.0830078125 0.1689453125 0.0224609375 0.0341796875
0 0.92578125 0.966796875 0.0224609375 0.0234375
0 0.982421875 0.96875 0.03125 0.033203125
0 0.515625 0.7509765625 0.0380859375 0.0341796875
0 0.431640625 0.490234375 0.0224609375 0.0498046875
0 0.900390625 0.3115234375 0.060546875 0.041015625
0 0.9736328125 0.9189453125 0.0478515625 0.0546875
0 0.78515625 0.6708984375 0.05078125 0.0498046875
0 0.5908203125 0.6923828125 0.0458984375 0.0595703125
0 0.5673828125 0.7333984375 0.0478515625 0.0361328125
0 0.4150390625 0.7666015625 0.0419921875 0.04296875
0 0.3505859375 0.73046875 0.044921875 0.0595703125
0 0.0634765625 0.6943359375 0.0263671875 0.0498046875
0 0.197265625 0.9375 0.0546875 0.0458984375
0 0.2021484375 0.9833984375 0.115234375 0.029296875
0 0.0205078125 0.9638671875 0.041015625 0.0556640625
0 0.2138671875 0.5185546875 0.041015625 0.0458984375
0 0.12109375 0.1435546875 0.0419921875 0.0390625
0 0.30078125 0.60546875 0.044921875 0.0390625