0 0.9609375 0.6552734375 0.052734375 0.0263671875
0 0.73828125 0.4296875 0.033203125 0.0283203125
0 0.544921875 0.982421875 0.0283203125 0.03125
0 0.431640625 0.82421875 0.060546875 0.0341796875
0 0.3603515625 0.740234375 0.0361328125 0.0283203125
0 0.7607421875 0.1298828125 0.060546875 0.0244140625
0 0.828125 0.021484375 0.0283203125 0.0341796875
0 0.7001953125 0.068359375 0.052734375 0.0341796875
0 0.26953125 0.0615234375 0.033203125 0.0322265625
0 0.2373046875 0.583984375 0.0283203125 0.0615234375
0 0.3359375 0.4794921875 0.033203125 0.0185546875
0 0.2421875 0.83203125 0.0341796875 0.0283203125
0 0.1640625 0.791015625 0.021484375 0.0244140625
0 0.1591796875 0.833984375 0.029296875 0.0283203125
0 0.216796875 0.9013671875 0.029296875 0.0322265625
0 0.037109375 0.2158203125 0.0341796875 0.021484375
0 0.0556640625 0.1875 0.0234375 0.0283203125
0 0.384765625 0.400390625 0.0234375 0.0283203125
0 0.44921875 0.267578125 0.0234375 0.0322265625
0 0.4619140625 0.3251953125 0.029296875 0.03125
0 0.15625 0.3408203125 0.0234375 0.0478515625
0 0.7080078125 0.6865234375 0.0283203125 0.0380859375
0 0.8623046875 0.0791015625 0.0478515625 0.0146484375
0 0.900390625 0.0908203125 0.041015625 0.0146484375
0 0.798828125 0.92578125 0.041015625 0.0546875
0 0.7392578125 0.91796875 0.060546875 0.068359375
0 0.65234375 0.759765625 0.0341796875 0.044921875
0 0.7001953125 0.2529296875 0.041015625 0.0517578125
0 0.7216796875 0.1611328125 0.0498046875 0.044921875
0 0.5478515625 0.107421875 0.0791015625 0.0908203125
0 0.5126953125 0.2353515625 0.0478515625 0.0283203125
0 0.357421875 0.353515625 0.0546875 0.0654296875
0 0.1591796875 0.2919921875 0.072265625 0.0517578125
0 0.3671875 0.51171875 0.0361328125 0.0283203125
0 0.4375 0.6357421875 0.033203125 0.0546875
0 0.251953125 0.720703125 0.0654296875 0.044921875
0 0.0234375 0.482421875 0.0458984375 0.0380859375
0 0.037109375 0.859375 0.07421875 0.0322265625
0 0.7744140625 0.0400390625 0.052734375 0.0244140625