0 0.033203125 0.818359375 0.0224609375 0.0244140625
0 0.8271484375 0.9033203125 0.041015625 0.0244140625
0 0.869140625 0.8359375 0.0322265625 0.041015625
0 0.7578125 0.7470703125 0.0244140625 0.0546875
0 0.8828125 0.7275390625 0.0185546875 0.041015625
0 0.509765625 0.5927734375 0.0517578125 0.0341796875
0 0.23046875 0.7021484375 0.0283203125 0.029296875
0 0.2646484375 0.5947265625 0.0224609375 0.0546875
0 0.0986328125 0.421875 0.05078125 0.0244140625
0 0.1142578125 0.384765625 0.0615234375 0.029296875
0 0.3427734375 0.365234375 0.0224609375 0.0361328125
0 0.4248046875 0.2998046875 0.0546875 0.041015625
0 0.6845703125 0.32421875 0.0341796875 0.0458984375
0 0.8603515625 0.2236328125 0.05078125 0.029296875
0 0.98046875 0.2109375 0.0244140625 0.029296875
0 0.982421875 0.1787109375 0.03125 0.0341796875
0 0.7041015625 0.033203125 0.0341796875 0.0361328125
0 0.0810546875 0.033203125 0.0283203125 0.0234375
0 0.2744140625 0.0283203125 0.0244140625 0.041015625
0 0.416015625 0.0107421875 0.0380859375 0.021484375
0 0.1142578125 0.822265625 0.03125 0.04296875
0 0.1328125 0.8076171875 0.0244140625 0.029296875
0 0.0810546875 0.7685546875 0.021484375 0.0341796875
0 0.9140625 0.8095703125 0.041015625 0.0390625
0 0.85546875 0.744140625 0.0322265625 0.064453125
0 0.373046875 0.7666015625 0.0380859375 0.0458984375
0 0.5 0.228515625 0.0517578125 0.04296875
0 0.4228515625 0.0615234375 0.05078125 0.064453125
0 0.8935546875 0.2568359375 0.0322265625 0.033203125
0 0.0869140625 0.0810546875 0.0263671875 0.0546875
0 0.16015625 0.0361328125 0.060546875 0.072265625
0 0.5595703125 0.5927734375 0.0341796875 0.0478515625