0 0.7763671875 0.1982421875 0.03125 0.064453125
0 0.7490234375 0.103515625 0.037109375 0.033203125
0 0.794921875 0.1064453125 0.0234375 0.072265625
0 0.7890625 0.0439453125 0.021484375 0.0439453125
0 0.5517578125 0.380859375 0.02734375 0.05078125
0 0.359375 0.2158203125 0.0234375 0.033203125
0 0.1259765625 0.4443359375 0.02734375 0.033203125
0 0.12890625 0.5078125 0.041015625 0.0234375
0 0.177734375 0.4482421875 0.02734375 0.021484375
0 0.03125 0.474609375 0.021484375 0.03125
0 0.03515625 0.595703125 0.03125 0.0234375
0 0.140625 0.615234375 0.033203125 0.0166015625
0 0.18359375 0.7216796875 0.0146484375 0.033203125
0 0.4599609375 0.6533203125 0.017578125 0.064453125
0 0.2783203125 0.611328125 0.0234375 0.0146484375
0 0.220703125 0.8251953125 0.04296875 0.0390625
0 0.453125 0.8017578125 0.0244140625 0.0439453125
0 0.49609375 0.7529296875 0.0146484375 0.033203125
0 0.4873046875 0.7705078125 0.01953125 0.0380859375
0 0.46875 0.7783203125 0.0244140625 0.03125
0 0.947265625 0.8271484375 0.037109375 0.033203125
0 0.9345703125 0.0263671875 0.0234375 0.052734375
0 0.1181640625 0.953125 0.041015625 0.0283203125
0 0.0361328125 0.986328125 0.03125 0.021484375
0 0.57421875 0.9833984375 0.02734375 0.0263671875
0 0.798828125 0.9609375 0.03125 0.0234375
0 0.5986328125 0.03515625 0.041015625 0.0283203125
0 0.4130859375 0.103515625 0.0146484375 0.0458984375
0 0.0107421875 0.330078125 0.0146484375 0.0380859375
0 0.8603515625 0.1708984375 0.060546875 0.0859375
0 0.947265625 0.162109375 0.064453125 0.0908203125
0 0.84375 0.2744140625 0.02734375 0.0458984375
0 0.7099609375 0.3408203125 0.04296875 0.0341796875
0 0.595703125 0.552734375 0.03125 0.033203125
0 0.90625 0.6064453125 0.0546875 0.0390625
0 0.869140625 0.8349609375 0.060546875 0.0380859375
0 0.623046875 0.962890625 0.05078125 0.064453125
0 0.6796875 0.0390625 0.033203125 0.052734375
0 0.3486328125 0.275390625 0.03125 0.0478515625
0 0.177734375 0.37890625 0.052734375 0.05078125
0 0.0517578125 0.314453125 0.033203125 0.0595703125
0 0.0615234375 0.1376953125 0.056640625 0.052734375
0 0.1435546875 0.0283203125 0.044921875 0.03125
0 0.3056640625 0.84375 0.0869140625 0.0458984375
0 0.236328125 0.65625 0.0546875 0.0390625
0 0.341796875 0.521484375 0.05078125 0.0390625
0 0.1240234375 0.662109375 0.052734375 0.041015625
0 0.091796875 0.76953125 0.046875 0.0458984375
0 0.41015625 0.943359375 0.041015625 0.0478515625
0 0.919921875 0.50390625 0.013671875 0.041015625
0 0.19921875 0.7734375 0.044921875 0.041015625