0 0.65625 0.037109375 0.0244140625 0.05078125
0 0.4306640625 0.2587890625 0.02734375 0.03125
0 0.9833984375 0.4501953125 0.03125 0.0263671875
0 0.8251953125 0.564453125 0.0341796875 0.0595703125
0 0.7412109375 0.6376953125 0.02734375 0.0341796875
0 0.12890625 0.2353515625 0.0234375 0.0595703125
0 0.021484375 0.16796875 0.033203125 0.0263671875
0 0.068359375 0.296875 0.033203125 0.05078125
0 0.0615234375 0.7275390625 0.03125 0.03125
0 0.583984375 0.7578125 0.060546875 0.0263671875
0 0.48046875 0.662109375 0.017578125 0.03125
0 0.8330078125 0.7529296875 0.02734375 0.033203125
0 0.7900390625 0.83203125 0.0234375 0.01953125
0 0.833984375 0.837890625 0.02734375 0.0283203125
0 0.900390625 0.7802734375 0.03125 0.0283203125
0 0.216796875 0.958984375 0.01953125 0.033203125
0 0.1884765625 0.94140625 0.02734375 0.021484375
0 0.4013671875 0.6123046875 0.02734375 0.021484375
0 0.2666015625 0.548828125 0.03125 0.021484375
0 0.3251953125 0.53515625 0.029296875 0.0283203125
0 0.341796875 0.8408203125 0.046875 0.021484375
0 0.6865234375 0.2880859375 0.037109375 0.0263671875
0 0.078125 0.1328125 0.013671875 0.0458984375
0 0.08984375 0.095703125 0.013671875 0.0390625
0 0.9248046875 0.197265625 0.052734375 0.0390625
0 0.91796875 0.2568359375 0.06640625 0.0595703125
0 0.759765625 0.34375 0.04296875 0.033203125
0 0.251953125 0.2958984375 0.05078125 0.0390625
0 0.16015625 0.275390625 0.04296875 0.0478515625
0 0.107421875 0.4501953125 0.0888671875 0.0771484375
0 0.236328125 0.4833984375 0.02734375 0.0458984375
0 0.353515625 0.6376953125 0.064453125 0.052734375
0 0.291015625 0.837890625 0.05078125 0.0703125
0 0.5126953125 0.630859375 0.02734375 0.0341796875
0 0.6357421875 0.5595703125 0.052734375 0.03125
0 0.7197265625 0.744140625 0.04296875 0.064453125
0 0.482421875 0.974609375 0.037109375 0.0439453125
0 0.8583984375 0.958984375 0.03125 0.072265625
0 0.0390625 0.22265625 0.0234375 0.05078125