0 0.8955078125 0.365234375 0.041015625 0.0244140625
0 0.8701171875 0.3193359375 0.033203125 0.0419921875
0 0.857421875 0.1904296875 0.0341796875 0.0244140625
0 0.4765625 0.1396484375 0.0478515625 0.0224609375
0 0.40625 0.150390625 0.033203125 0.03125
0 0.447265625 0.166015625 0.0556640625 0.0185546875
0 0.572265625 0.2060546875 0.0361328125 0.0185546875
0 0.625 0.2275390625 0.0234375 0.0224609375
0 0.6103515625 0.2861328125 0.029296875 0.0283203125
0 0.6484375 0.369140625 0.0361328125 0.0244140625
0 0.232421875 0.169921875 0.0341796875 0.0380859375
0 0.2001953125 0.1904296875 0.033203125 0.044921875
0 0.1494140625 0.2041015625 0.029296875 0.0322265625
0 0.2978515625 0.357421875 0.029296875 0.0458984375
0 0.2744140625 0.4130859375 0.0234375 0.03125
0 0.2255859375 0.43359375 0.029296875 0.03125
0 0.3193359375 0.4658203125 0.029296875 0.03125
0 0.3359375 0.4130859375 0.0361328125 0.0283203125
0 0.8369140625 0.62890625 0.029296875 0.0244140625
0 0.8046875 0.6865234375 0.0341796875 0.0283203125
0 0.9248046875 0.76171875 0.0390625 0.0283203125
0 0.982421875 0.75 0.0283203125 0.0224609375
0 0.83984375 0.8671875 0.041015625 0.03125
0 0.8876953125 0.966796875 0.0478515625 0.0322265625
0 0.791015625 0.958984375 0.0234375 0.0263671875
0 0.7666015625 0.955078125 0.0234375 0.044921875
0 0.662109375 0.638671875 0.0478515625 0.0224609375
0 0.58984375 0.7001953125 0.041015625 0.03125
0 0.544921875 0.771484375 0.0341796875 0.021484375
0 0.4853515625 0.89453125 0.0498046875 0.0146484375
0 0.4267578125 0.9267578125 0.0283203125 0.0244140625
0 0.4814453125 0.9599609375 0.0244140625 0.0283203125
0 0.3251953125 0.96875 0.029296875 0.0263671875
0 0.380859375 0.986328125 0.0341796875 0.0224609375
0 0.283203125 0.7998046875 0.04296875 0.0224609375
0 0.2392578125 0.7431640625 0.021484375 0.0380859375
0 0.03125 0.517578125 0.0458984375 0.0341796875
0 0.08984375 0.9365234375 0.0478515625 0.021484375
0 0.2001953125 0.890625 0.0244140625 0.0458984375
0 0.3916015625 0.625 0.029296875 0.0341796875
0 0.474609375 0.6142578125 0.0478515625 0.021484375
0 0.607421875 0.54296875 0.021484375 0.0185546875
0 0.7978515625 0.501953125 0.029296875 0.021484375
0 0.810546875 0.484375 0.0234375 0.0224609375
0 0.9755859375 0.6005859375 0.0458984375 0.0185546875
0 0.935546875 0.6171875 0.0361328125 0.0224609375
0 0.9580078125 0.6474609375 0.021484375 0.0224609375
0 0.9404296875 0.66796875 0.029296875 0.0283203125
0 0.0126953125 0.3466796875 0.025390625 0.021484375
0 0.3369140625 0.783203125 0.029296875 0.0146484375
0 0.345703125 0.755859375 0.0234375 0.03125
0 0.9560546875 0.1220703125 0.033203125 0.0224609375
0 0.806640625 0.33203125 0.0244140625 0.0244140625
0 0.712890625 0.4716796875 0.060546875 0.05859375
0 0.7080078125 0.521484375 0.0341796875 0.0380859375
0 0.810546875 0.5869140625 0.029296875 0.0341796875
0 0.7939453125 0.5556640625 0.0341796875 0.0244140625
0 0.9140625 0.4677734375 0.041015625 0.0546875
0 0.9716796875 0.3544921875 0.0361328125 0.068359375
0 0.90625 0.58203125 0.033203125 0.044921875
0 0.5732421875 0.568359375 0.041015625 0.0419921875
0 0.5380859375 0.7275390625 0.0458984375 0.0341796875
0 0.4921875 0.77734375 0.0361328125 0.0341796875
0 0.392578125 0.740234375 0.041015625 0.0419921875
0 0.916015625 0.8115234375 0.0556640625 0.0263671875
0 0.548828125 0.2998046875 0.060546875 0.044921875
0 0.4951171875 0.380859375 0.052734375 0.0458984375
0 0.2080078125 0.490234375 0.041015625 0.0322265625
0 0.2314453125 0.529296875 0.033203125 0.0341796875
0 0.02734375 0.38671875 0.0341796875 0.060546875
0 0.0869140625 0.357421875 0.0458984375 0.0283203125
0 0.037109375 0.0966796875 0.0546875 0.03125
0 0.5947265625 0.052734375 0.0341796875 0.0322265625
0 0.7255859375 0.0576171875 0.0390625 0.03125