0 0.669921875 0.7646484375 0.0322265625 0.0654296875
0 0.5947265625 0.8037109375 0.0478515625 0.041015625
0 0.7255859375 0.9033203125 0.0478515625 0.0146484375
0 0.56640625 0.916015625 0.0283203125 0.029296875
0 0.322265625 0.7216796875 0.0341796875 0.0458984375
0 0.2880859375 0.7158203125 0.0244140625 0.0341796875
0 0.10546875 0.6474609375 0.0419921875 0.041015625
0 0.140625 0.6533203125 0.0224609375 0.0556640625
0 0.0068359375 0.4697265625 0.013671875 0.064453125
0 0.03125 0.4248046875 0.041015625 0.0654296875
0 0.12109375 0.3671875 0.0283203125 0.0673828125
0 0.1474609375 0.376953125 0.0322265625 0.029296875
0 0.0712890625 0.193359375 0.0283203125 0.041015625
0 0.0185546875 0.0751953125 0.037109375 0.0478515625
0 0.1865234375 0.189453125 0.0244140625 0.04296875
0 0.212890625 0.216796875 0.0244140625 0.0390625
0 0.2783203125 0.126953125 0.0244140625 0.0361328125
0 0.3203125 0.0732421875 0.0263671875 0.0341796875
0 0.208984375 0.4453125 0.0322265625 0.0361328125
0 0.2470703125 0.416015625 0.0341796875 0.0234375
0 0.1328125 0.4990234375 0.0341796875 0.041015625
0 0.416015625 0.451171875 0.0380859375 0.021484375
0 0.48046875 0.3046875 0.044921875 0.0791015625
0 0.3828125 0.0849609375 0.0419921875 0.0244140625
0 0.6318359375 0.1435546875 0.0380859375 0.041015625
0 0.5478515625 0.111328125 0.0244140625 0.021484375
0 0.568359375 0.10546875 0.03125 0.0234375
0 0.58203125 0.0302734375 0.03125 0.021484375
0 0.65234375 0.064453125 0.0546875 0.029296875
0 0.7255859375 0.2783203125 0.0380859375 0.0361328125
0 0.6533203125 0.2734375 0.0380859375 0.033203125
0 0.62109375 0.2548828125 0.0283203125 0.033203125
0 0.5859375 0.3095703125 0.0185546875 0.0361328125
0 0.8994140625 0.6259765625 0.0283203125 0.021484375
0 0.7099609375 0.572265625 0.03125 0.029296875
0 0.822265625 0.3408203125 0.0283203125 0.0234375
0 0.8310546875 0.3115234375 0.0380859375 0.0185546875
0 0.890625 0.1923828125 0.03125 0.0458984375
0 0.8046875 0.046875 0.0263671875 0.0341796875
0 0.927734375 0.431640625 0.0244140625 0.0283203125
0 0.98046875 0.9658203125 0.0244140625 0.0654296875
0 0.1357421875 0.974609375 0.0322265625 0.041015625
0 0.0927734375 0.95703125 0.0244140625 0.0498046875
0 0.111328125 0.7939453125 0.0419921875 0.041015625
0 0.515625 0.990234375 0.0244140625 0.0166015625
0 0.5400390625 0.97265625 0.015625 0.0478515625
0 0.5693359375 0.98046875 0.0244140625 0.033203125
0 0.7080078125 0.9521484375 0.0244140625 0.0234375
0 0.39453125 0.646484375 0.0244140625 0.04296875
0 0.1806640625 0.890625 0.0322265625 0.0185546875
0 0.1650390625 0.9189453125 0.0224609375 0.0283203125
0 0.384765625 0.6123046875 0.05078125 0.0341796875
0 0.34375 0.517578125 0.07421875 0.0703125
0 0.279296875 0.55078125 0.0244140625 0.029296875
0 0.39453125 0.7001953125 0.044921875 0.064453125
0 0.5556640625 0.6171875 0.0341796875 0.0478515625
0 0.66796875 0.6748046875 0.0341796875 0.052734375
0 0.7509765625 0.9765625 0.0244140625 0.04296875
0 0.8759765625 0.955078125 0.083984375 0.083984375
0 0.88671875 0.8564453125 0.0283203125 0.0478515625
0 0.9296875 0.828125 0.0419921875 0.0478515625
0 0.681640625 0.974609375 0.0224609375 0.041015625
0 0.5361328125 0.376953125 0.0380859375 0.029296875
0 0.55859375 0.287109375 0.0341796875 0.0283203125
0 0.564453125 0.2001953125 0.044921875 0.0341796875
0 0.7470703125 0.0498046875 0.068359375 0.099609375
0 0.3720703125 0.13671875 0.05078125 0.052734375
0 0.0205078125 0.9345703125 0.041015625 0.0341796875
0 0.0595703125 0.8701171875 0.044921875 0.04296875