0 0.6689453125 0.2314453125 0.03125 0.064453125
0 0.595703125 0.1904296875 0.046875 0.0390625
0 0.7265625 0.0908203125 0.046875 0.0126953125
0 0.56640625 0.080078125 0.02734375 0.0283203125
0 0.3212890625 0.2734375 0.033203125 0.0439453125
0 0.2890625 0.2783203125 0.0234375 0.033203125
0 0.1044921875 0.3466796875 0.041015625 0.0390625
0 0.1416015625 0.3427734375 0.021484375 0.0546875
0 0.0068359375 0.5244140625 0.013671875 0.0625
0 0.0322265625 0.5712890625 0.0400390625 0.064453125
0 0.12109375 0.626953125 0.02734375 0.0654296875
0 0.146484375 0.619140625 0.03125 0.0283203125
0 0.072265625 0.80078125 0.02734375 0.0390625
0 0.0185546875 0.9189453125 0.037109375 0.0458984375
0 0.1865234375 0.806640625 0.0234375 0.041015625
0 0.2119140625 0.7783203125 0.0234375 0.0380859375
0 0.2783203125 0.869140625 0.0234375 0.0341796875
0 0.3203125 0.9208984375 0.0244140625 0.033203125
0 0.208984375 0.5498046875 0.03125 0.0341796875
0 0.2470703125 0.580078125 0.033203125 0.021484375
0 0.1318359375 0.4951171875 0.033203125 0.0390625
0 0.4169921875 0.54296875 0.037109375 0.01953125
0 0.4794921875 0.69140625 0.04296875 0.0771484375
0 0.3818359375 0.9091796875 0.041015625 0.0234375
0 0.6328125 0.8505859375 0.037109375 0.0390625
0 0.5478515625 0.8828125 0.0234375 0.01953125
0 0.5693359375 0.890625 0.029296875 0.021484375
0 0.5830078125 0.9638671875 0.029296875 0.01953125
0 0.6513671875 0.931640625 0.052734375 0.0283203125
0 0.7265625 0.7177734375 0.037109375 0.0341796875
0 0.6533203125 0.72265625 0.037109375 0.03125
0 0.62109375 0.7412109375 0.02734375 0.03125
0 0.5869140625 0.6865234375 0.017578125 0.0341796875
0 0.8994140625 0.3681640625 0.02734375 0.01953125
0 0.7099609375 0.423828125 0.029296875 0.0283203125
0 0.8232421875 0.6552734375 0.02734375 0.021484375
0 0.83203125 0.6826171875 0.037109375 0.0166015625
0 0.890625 0.8037109375 0.029296875 0.0439453125
0 0.8056640625 0.947265625 0.0244140625 0.033203125
0 0.927734375 0.5625 0.0234375 0.0263671875
0 0.9794921875 0.03125 0.0234375 0.0625
0 0.1357421875 0.01953125 0.03125 0.0390625
0 0.091796875 0.0390625 0.0234375 0.0478515625
0 0.1103515625 0.2001953125 0.041015625 0.0390625
0 0.515625 0.0068359375 0.0234375 0.0126953125
0 0.541015625 0.0224609375 0.0146484375 0.0439453125
0 0.5703125 0.015625 0.0234375 0.03125
0 0.70703125 0.0439453125 0.0234375 0.021484375
0 0.39453125 0.349609375 0.0234375 0.041015625
0 0.1796875 0.103515625 0.03125 0.0166015625
0 0.1640625 0.0751953125 0.021484375 0.0263671875
0 0.384765625 0.3818359375 0.0498046875 0.033203125
0 0.34375 0.4765625 0.0732421875 0.0693359375
0 0.2802734375 0.4453125 0.0234375 0.0283203125
0 0.39453125 0.2939453125 0.04296875 0.0625
0 0.5546875 0.376953125 0.033203125 0.0458984375
0 0.66796875 0.3212890625 0.033203125 0.05078125
0 0.7509765625 0.01953125 0.0234375 0.0390625
0 0.875 0.0400390625 0.08203125 0.080078125
0 0.8876953125 0.1376953125 0.02734375 0.0458984375
0 0.9287109375 0.166015625 0.041015625 0.0458984375
0 0.681640625 0.01953125 0.021484375 0.0390625
0 0.537109375 0.619140625 0.037109375 0.0283203125
0 0.5576171875 0.70703125 0.033203125 0.0263671875
0 0.5654296875 0.7939453125 0.04296875 0.033203125
0 0.7470703125 0.9453125 0.06640625 0.1015625
0 0.3720703125 0.859375 0.0498046875 0.05078125
0 0.01953125 0.0595703125 0.0390625 0.033203125
0 0.05859375 0.1259765625 0.04296875 0.041015625