0 0.8515625 0.7783203125 0.0341796875 0.0244140625
0 0.876953125 0.6689453125 0.060546875 0.033203125
0 0.5986328125 0.501953125 0.044921875 0.029296875
0 0.4677734375 0.7109375 0.0341796875 0.029296875
0 0.4013671875 0.73046875 0.0283203125 0.0390625
0 0.115234375 0.4072265625 0.0283203125 0.0546875
0 0.3525390625 0.3740234375 0.0244140625 0.0341796875
0 0.390625 0.236328125 0.0341796875 0.041015625
0 0.310546875 0.025390625 0.0244140625 0.041015625
0 0.1513671875 0.0595703125 0.0146484375 0.0361328125
0 0.50390625 0.0771484375 0.0224609375 0.04296875
0 0.7666015625 0.083984375 0.0283203125 0.04296875
0 0.7880859375 0.2783203125 0.0419921875 0.0361328125
0 0.466796875 0.583984375 0.0341796875 0.0234375
0 0.7919921875 0.869140625 0.0244140625 0.0546875
0 0.94140625 0.8720703125 0.0380859375 0.0390625
0 0.9033203125 0.6171875 0.0126953125 0.033203125
0 0.4619140625 0.376953125 0.0185546875 0.072265625
0 0.4892578125 0.3310546875 0.0283203125 0.041015625
0 0.484375 0.28515625 0.0244140625 0.0341796875
0 0.3017578125 0.337890625 0.0263671875 0.021484375
0 0.728515625 0.3515625 0.0146484375 0.0283203125
0 0.9658203125 0.2724609375 0.0419921875 0.0244140625
0 0.9619140625 0.22265625 0.0380859375 0.0185546875
0 0.9091796875 0.095703125 0.015625 0.0361328125
0 0.171875 0.73046875 0.0224609375 0.0390625
0 0.138671875 0.76171875 0.0322265625 0.0166015625
0 0.6181640625 0.2021484375 0.060546875 0.0361328125
0 0.9580078125 0.66015625 0.0419921875 0.0673828125
0 0.755859375 0.5615234375 0.0458984375 0.0546875
0 0.6767578125 0.2744140625 0.03125 0.033203125
0 0.43359375 0.3671875 0.0341796875 0.0595703125
0 0.166015625 0.2626953125 0.03125 0.041015625
0 0.23046875 0.1845703125 0.068359375 0.0546875
0 0.1884765625 0.0546875 0.0224609375 0.0361328125
0 0.7197265625 0.3046875 0.0380859375 0.029296875
0 0.94921875 0.0234375 0.0322265625 0.0458984375
0 0.4013671875 0.0361328125 0.0419921875 0.04296875
0 0.0400390625 0.6171875 0.0244140625 0.0458984375
0 0.04296875 0.6923828125 0.044921875 0.0390625
0 0.4267578125 0.9423828125 0.0380859375 0.029296875