0 0.7744140625 0.1533203125 0.037109375 0.0390625
0 0.7158203125 0.0126953125 0.041015625 0.025390625
0 0.7802734375 0.06640625 0.0234375 0.0576171875
0 0.2919921875 0.0224609375 0.017578125 0.0439453125
0 0.0751953125 0.02734375 0.037109375 0.0380859375
0 0.095703125 0.1904296875 0.03125 0.033203125
0 0.4013671875 0.2685546875 0.037109375 0.021484375
0 0.4443359375 0.14453125 0.037109375 0.0263671875
0 0.49609375 0.08203125 0.021484375 0.0263671875
0 0.43359375 0.5595703125 0.01953125 0.0380859375
0 0.1796875 0.44140625 0.02734375 0.021484375
0 0.0947265625 0.5751953125 0.0234375 0.033203125
0 0.0595703125 0.609375 0.04296875 0.0283203125
0 0.015625 0.59375 0.01953125 0.033203125
0 0.0126953125 0.6337890625 0.025390625 0.021484375
0 0.1474609375 0.7646484375 0.037109375 0.0458984375
0 0.1572265625 0.845703125 0.02734375 0.0234375
0 0.0302734375 0.78125 0.041015625 0.0390625
0 0.4130859375 0.6474609375 0.033203125 0.021484375
0 0.5380859375 0.5654296875 0.017578125 0.0595703125
0 0.568359375 0.5810546875 0.013671875 0.0625
0 0.583984375 0.548828125 0.017578125 0.0283203125
0 0.59375 0.6220703125 0.02734375 0.0458984375
0 0.765625 0.5234375 0.01953125 0.05078125
0 0.8779296875 0.34375 0.03125 0.052734375
0 0.96875 0.6865234375 0.02734375 0.0283203125
0 0.884765625 0.8095703125 0.033203125 0.021484375
0 0.7958984375 0.802734375 0.0400390625 0.033203125
0 0.87109375 0.8466796875 0.0234375 0.0390625
0 0.8154296875 0.4365234375 0.046875 0.0478515625
0 0.8056640625 0.6513671875 0.029296875 0.0458984375
0 0.52734375 0.9140625 0.037109375 0.041015625
0 0.2919921875 0.9677734375 0.046875 0.021484375
0 0.634765625 0.1279296875 0.04296875 0.0458984375
0 0.5771484375 0.0498046875 0.037109375 0.033203125
0 0.3251953125 0.2158203125 0.033203125 0.0595703125
0 0.0693359375 0.8701171875 0.0595703125 0.0888671875
0 0.466796875 0.544921875 0.03125 0.0478515625
0 0.923828125 0.619140625 0.060546875 0.0546875
0 0.6904296875 0.5908203125 0.041015625 0.052734375
0 0.982421875 0.814453125 0.03125 0.052734375
0 0.056640625 0.9501953125 0.041015625 0.021484375