0 0.76953125 0.859375 0.0322265625 0.041015625
0 0.32421875 0.890625 0.0341796875 0.0341796875
0 0.12109375 0.884765625 0.0380859375 0.0234375
0 0.1494140625 0.8447265625 0.0263671875 0.0146484375
0 0.1044921875 0.6748046875 0.03125 0.021484375
0 0.1298828125 0.689453125 0.0224609375 0.04296875
0 0.01953125 0.78515625 0.021484375 0.041015625
0 0.03125 0.7333984375 0.0458984375 0.04296875
0 0.0634765625 0.66796875 0.0244140625 0.0458984375
0 0.095703125 0.4453125 0.044921875 0.0361328125
0 0.1630859375 0.333984375 0.0185546875 0.04296875
0 0.2197265625 0.291015625 0.0380859375 0.033203125
0 0.0322265625 0.177734375 0.0224609375 0.029296875
0 0.5322265625 0.22265625 0.0322265625 0.0341796875
0 0.5078125 0.2490234375 0.0146484375 0.0341796875
0 0.4892578125 0.275390625 0.0263671875 0.0341796875
0 0.794921875 0.1171875 0.0478515625 0.0390625
0 0.8330078125 0.2666015625 0.0244140625 0.0234375
0 0.7587890625 0.28515625 0.0224609375 0.041015625
0 0.3515625 0.978515625 0.0224609375 0.0390625
0 0.517578125 0.8974609375 0.0224609375 0.021484375
0 0.4853515625 0.8720703125 0.021484375 0.041015625
0 0.2763671875 0.8291015625 0.0283203125 0.029296875
0 0.0361328125 0.9912109375 0.0517578125 0.01171875
0 0.96875 0.041015625 0.0224609375 0.0234375
0 0.966796875 0.0615234375 0.0478515625 0.0244140625
0 0.9833984375 0.080078125 0.0283203125 0.0244140625
0 0.9814453125 0.1396484375 0.0146484375 0.0498046875
0 0.828125 0.017578125 0.03125 0.0341796875
0 0.6142578125 0.025390625 0.0341796875 0.0341796875
0 0.9658203125 0.63671875 0.015625 0.033203125
0 0.1865234375 0.0595703125 0.021484375 0.0390625
0 0.908203125 0.7724609375 0.0546875 0.0478515625
0 0.98046875 0.66796875 0.037109375 0.0458984375
0 0.9638671875 0.5478515625 0.0693359375 0.0595703125
0 0.7734375 0.328125 0.0546875 0.041015625
0 0.5966796875 0.2890625 0.0517578125 0.0703125
0 0.58203125 0.1220703125 0.064453125 0.0703125
0 0.970703125 0.2451171875 0.0546875 0.0556640625
0 0.861328125 0.07421875 0.064453125 0.0458984375
0 0.16796875 0.146484375 0.044921875 0.072265625
0 0.0849609375 0.205078125 0.0341796875 0.0478515625
0 0.4150390625 0.6396484375 0.0556640625 0.0859375
0 0.3583984375 0.5595703125 0.03125 0.072265625
0 0.326171875 0.5537109375 0.0283203125 0.0478515625
0 0.673828125 0.9697265625 0.05078125 0.0283203125