0 0.23046875 0.9345703125 0.0517578125 0.0390625
0 0.22265625 0.6728515625 0.0341796875 0.029296875
0 0.1982421875 0.4873046875 0.0146484375 0.0478515625
0 0.166015625 0.4345703125 0.0185546875 0.0341796875
0 0.095703125 0.2548828125 0.0419921875 0.0595703125
0 0.4482421875 0.265625 0.0380859375 0.060546875
0 0.5703125 0.2421875 0.0322265625 0.0341796875
0 0.544921875 0.1904296875 0.0224609375 0.0498046875
0 0.494140625 0.0615234375 0.0244140625 0.0244140625
0 0.341796875 0.0126953125 0.03125 0.0244140625
0 0.70703125 0.3095703125 0.0244140625 0.0595703125
0 0.5517578125 0.5302734375 0.021484375 0.0341796875
0 0.59375 0.5126953125 0.0458984375 0.04296875
0 0.7177734375 0.5009765625 0.0341796875 0.0478515625
0 0.732421875 0.611328125 0.0283203125 0.0478515625
0 0.8154296875 0.6611328125 0.0380859375 0.029296875
0 0.966796875 0.509765625 0.0224609375 0.0458984375
0 0.802734375 0.115234375 0.0224609375 0.0556640625
0 0.541015625 0.943359375 0.0283203125 0.0341796875
0 0.5361328125 0.8486328125 0.0185546875 0.072265625
0 0.7578125 0.966796875 0.0458984375 0.033203125
0 0.7333984375 0.7265625 0.03125 0.0341796875
0 0.9580078125 0.2021484375 0.0244140625 0.0234375
0 0.4755859375 0.537109375 0.044921875 0.0546875
0 0.4853515625 0.3984375 0.0419921875 0.0791015625
0 0.6796875 0.5732421875 0.0556640625 0.0546875
0 0.703125 0.6796875 0.0380859375 0.04296875
0 0.7158203125 0.8916015625 0.041015625 0.0791015625
0 0.8896484375 0.8876953125 0.0419921875 0.0341796875
0 0.96875 0.634765625 0.0419921875 0.0654296875
0 0.9765625 0.5625 0.0341796875 0.0390625
0 0.859375 0.2216796875 0.0419921875 0.07421875
0 0.8203125 0.171875 0.0341796875 0.0341796875
0 0.60546875 0.0927734375 0.07421875 0.103515625
0 0.228515625 0.2998046875 0.0341796875 0.0810546875
0 0.130859375 0.2861328125 0.0283203125 0.072265625
0 0.0322265625 0.0615234375 0.064453125 0.0546875
0 0.4384765625 0.8427734375 0.0556640625 0.103515625