0 0.9296875 0.8583984375 0.0380859375 0.0361328125
0 0.568359375 0.9423828125 0.0517578125 0.0390625
0 0.62890625 0.8388671875 0.0341796875 0.029296875
0 0.3408203125 0.837890625 0.015625 0.064453125
0 0.1962890625 0.8203125 0.0380859375 0.041015625
0 0.1220703125 0.9560546875 0.0419921875 0.0341796875
0 0.0263671875 0.912109375 0.0146484375 0.021484375
0 0.015625 0.8720703125 0.03125 0.04296875
0 0.1845703125 0.564453125 0.0322265625 0.0556640625
0 0.140625 0.408203125 0.0263671875 0.0498046875
0 0.1611328125 0.4033203125 0.0224609375 0.0283203125
0 0.3154296875 0.443359375 0.0146484375 0.041015625
0 0.3203125 0.291015625 0.0224609375 0.029296875
0 0.4248046875 0.4248046875 0.0322265625 0.021484375
0 0.49609375 0.400390625 0.0615234375 0.0341796875
0 0.3486328125 0.2373046875 0.0224609375 0.0478515625
0 0.5966796875 0.328125 0.03125 0.041015625
0 0.630859375 0.5419921875 0.03125 0.0185546875
0 0.466796875 0.6298828125 0.0224609375 0.0458984375
0 0.56640625 0.6318359375 0.0341796875 0.029296875
0 0.7890625 0.541015625 0.0283203125 0.0556640625
0 0.966796875 0.2802734375 0.0244140625 0.0478515625
0 0.9365234375 0.2421875 0.0263671875 0.029296875
0 0.9052734375 0.1689453125 0.0263671875 0.0244140625
0 0.7783203125 0.111328125 0.0322265625 0.021484375
0 0.7431640625 0.2158203125 0.0185546875 0.0341796875
0 0.8515625 0.73828125 0.0224609375 0.029296875
0 0.8408203125 0.66796875 0.0263671875 0.029296875
0 0.197265625 0.9453125 0.0224609375 0.0498046875
0 0.82421875 0.978515625 0.0244140625 0.0361328125
0 0.8017578125 0.2236328125 0.021484375 0.052734375
0 0.6103515625 0.4970703125 0.03125 0.060546875
0 0.0869140625 0.7099609375 0.0556640625 0.041015625
0 0.0556640625 0.671875 0.07421875 0.0341796875
0 0.1474609375 0.84765625 0.0341796875 0.041015625
0 0.958984375 0.166015625 0.0478515625 0.0556640625
0 0.220703125 0.3916015625 0.0322265625 0.0498046875
0 0.125 0.5126953125 0.0341796875 0.0341796875
0 0.1201171875 0.365234375 0.044921875 0.033203125
0 0.2392578125 0.51171875 0.0517578125 0.0859375