0 0.9150390625 0.796875 0.0341796875 0.0341796875
0 0.5751953125 0.771484375 0.033203125 0.0244140625
0 0.5322265625 0.75 0.041015625 0.044921875
0 0.521484375 0.4501953125 0.0361328125 0.0517578125
0 0.8037109375 0.3486328125 0.0771484375 0.03125
0 0.9619140625 0.236328125 0.052734375 0.0322265625
0 0.9111328125 0.48046875 0.0234375 0.0341796875
0 0.8779296875 0.4404296875 0.029296875 0.0283203125
0 0.96875 0.392578125 0.0595703125 0.0224609375
0 0.369140625 0.193359375 0.060546875 0.0283203125
0 0.380859375 0.341796875 0.0341796875 0.0322265625
0 0.21875 0.3408203125 0.0234375 0.0341796875
0 0.2255859375 0.74609375 0.029296875 0.0263671875
0 0.0234375 0.30859375 0.041015625 0.0322265625
0 0.8154296875 0.609375 0.0234375 0.0380859375
0 0.7314453125 0.8193359375 0.0546875 0.0341796875
0 0.083984375 0.783203125 0.029296875 0.0478515625
0 0.1865234375 0.2021484375 0.0771484375 0.041015625
0 0.5390625 0.2451171875 0.0703125 0.0546875
0 0.8759765625 0.3935546875 0.0478515625 0.0517578125