0 0.8330078125 0.611328125 0.041015625 0.0224609375
0 0.9716796875 0.904296875 0.0234375 0.041015625
0 0.6005859375 0.4443359375 0.0458984375 0.0146484375
0 0.6884765625 0.4111328125 0.0341796875 0.0146484375
0 0.8603515625 0.1181640625 0.0361328125 0.0283203125
0 0.970703125 0.3076171875 0.0458984375 0.0263671875
0 0.9619140625 0.376953125 0.033203125 0.041015625
0 0.2685546875 0.5654296875 0.0244140625 0.0380859375
0 0.259765625 0.2578125 0.0556640625 0.0146484375
0 0.2998046875 0.03515625 0.0341796875 0.021484375
0 0.3154296875 0.068359375 0.0478515625 0.0283203125
0 0.6103515625 0.1416015625 0.0234375 0.0185546875
0 0.0126953125 0.2861328125 0.025390625 0.044921875
0 0.0615234375 0.3740234375 0.0185546875 0.03125
0 0.01953125 0.671875 0.0390625 0.0185546875
0 0.1298828125 0.7373046875 0.029296875 0.0283203125
0 0.2001953125 0.7626953125 0.0341796875 0.0380859375
0 0.1943359375 0.890625 0.029296875 0.0478515625
0 0.5810546875 0.4697265625 0.0244140625 0.0263671875
0 0.5498046875 0.302734375 0.0283203125 0.03125
0 0.517578125 0.345703125 0.041015625 0.0322265625
0 0.634765625 0.984375 0.0361328125 0.0224609375
0 0.345703125 0.8564453125 0.029296875 0.0244140625
0 0.267578125 0.7158203125 0.041015625 0.0283203125
0 0.3046875 0.609375 0.0361328125 0.0322265625
0 0.076171875 0.755859375 0.0478515625 0.0224609375
0 0.75 0.419921875 0.0390625 0.0322265625
0 0.0185546875 0.6279296875 0.0341796875 0.0146484375
0 0.6728515625 0.7705078125 0.0654296875 0.0380859375
0 0.4580078125 0.5966796875 0.041015625 0.0224609375
0 0.5029296875 0.9228515625 0.083984375 0.0458984375
0 0.9541015625 0.1708984375 0.0458984375 0.044921875
0 0.966796875 0.2197265625 0.0390625 0.0380859375
0 0.9052734375 0.095703125 0.0341796875 0.044921875
0 0.8876953125 0.37890625 0.103515625 0.0751953125
0 0.865234375 0.458984375 0.0556640625 0.0556640625
0 0.7158203125 0.4560546875 0.0859375 0.0478515625
0 0.7841796875 0.408203125 0.0654296875 0.0341796875
0 0.8564453125 0.564453125 0.041015625 0.0244140625
0 0.919921875 0.6796875 0.07421875 0.0322265625
0 0.8330078125 0.7001953125 0.0478515625 0.021484375
0 0.6689453125 0.3466796875 0.0390625 0.0654296875
0 0.6015625 0.3271484375 0.0546875 0.0556640625
0 0.5234375 0.140625 0.029296875 0.0322265625
0 0.4619140625 0.2890625 0.072265625 0.0185546875
0 0.34375 0.1552734375 0.0361328125 0.05859375
0 0.4189453125 0.029296875 0.060546875 0.0322265625
0 0.2431640625 0.1943359375 0.0390625 0.0419921875
0 0.2353515625 0.296875 0.0361328125 0.0341796875
0 0.1689453125 0.408203125 0.072265625 0.064453125
0 0.19921875 0.5166015625 0.052734375 0.0283203125
0 0.3203125 0.8720703125 0.0556640625 0.064453125
0 0.091796875 0.857421875 0.0654296875 0.0751953125
0 0.142578125 0.9775390625 0.0478515625 0.041015625
0 0.3251953125 0.3291015625 0.0361328125 0.0341796875
0 0.03125 0.4404296875 0.0458984375 0.0322265625
0 0.28125 0.9755859375 0.0390625 0.0380859375
0 0.9609375 0.982421875 0.0546875 0.0283203125