0 0.3681640625 0.82421875 0.03125 0.029296875
0 0.46875 0.6396484375 0.0224609375 0.0361328125
0 0.4921875 0.5478515625 0.0322265625 0.0234375
0 0.5283203125 0.5654296875 0.0283203125 0.052734375
0 0.203125 0.6005859375 0.0185546875 0.04296875
0 0.1015625 0.3662109375 0.0341796875 0.0341796875
0 0.1923828125 0.4521484375 0.0263671875 0.029296875
0 0.341796875 0.2939453125 0.0341796875 0.0283203125
0 0.4150390625 0.34765625 0.0419921875 0.0185546875
0 0.4365234375 0.3095703125 0.0244140625 0.0283203125
0 0.4052734375 0.259765625 0.0380859375 0.029296875
0 0.4423828125 0.2666015625 0.0263671875 0.033203125
0 0.533203125 0.154296875 0.0322265625 0.033203125
0 0.642578125 0.1845703125 0.015625 0.041015625
0 0.748046875 0.1279296875 0.0380859375 0.033203125
0 0.671875 0.2861328125 0.0341796875 0.0390625
0 0.53515625 0.0546875 0.03125 0.0341796875
0 0.5615234375 0.0126953125 0.0283203125 0.0244140625
0 0.5888671875 0.0283203125 0.0283203125 0.021484375
0 0.18359375 0.9345703125 0.03125 0.0341796875
0 0.2158203125 0.9345703125 0.0185546875 0.029296875
0 0.1904296875 0.8544921875 0.0185546875 0.064453125
0 0.1708984375 0.849609375 0.0244140625 0.0703125
0 0.279296875 0.8359375 0.0283203125 0.0234375
0 0.2578125 0.59765625 0.0244140625 0.041015625
0 0.2763671875 0.6123046875 0.0185546875 0.0703125
0 0.515625 0.3623046875 0.0380859375 0.0283203125
0 0.734375 0.302734375 0.0556640625 0.0859375
0 0.671875 0.2099609375 0.0341796875 0.0341796875
0 0.720703125 0.1904296875 0.0244140625 0.0458984375
0 0.62109375 0.099609375 0.0546875 0.060546875
0 0.47265625 0.109375 0.0224609375 0.041015625
0 0.4404296875 0.095703125 0.0546875 0.0859375
0 0.2861328125 0.0498046875 0.064453125 0.052734375
0 0.2080078125 0.3095703125 0.083984375 0.0498046875
0 0.2568359375 0.435546875 0.060546875 0.0458984375
0 0.0810546875 0.484375 0.05078125 0.0546875
0 0.154296875 0.5380859375 0.0341796875 0.029296875
0 0.16796875 0.689453125 0.0517578125 0.0556640625
0 0.095703125 0.7177734375 0.0322265625 0.060546875