0 0.611328125 0.8310546875 0.0224609375 0.041015625
0 0.904296875 0.970703125 0.041015625 0.0234375
0 0.4443359375 0.6005859375 0.0146484375 0.0458984375
0 0.4111328125 0.6865234375 0.0146484375 0.0341796875
0 0.1181640625 0.8583984375 0.0283203125 0.0361328125
0 0.3076171875 0.96875 0.0263671875 0.0458984375
0 0.376953125 0.9609375 0.041015625 0.033203125
0 0.5654296875 0.267578125 0.0380859375 0.0244140625
0 0.2578125 0.2578125 0.0146484375 0.0556640625
0 0.03515625 0.298828125 0.021484375 0.0341796875
0 0.068359375 0.3134765625 0.0283203125 0.0478515625
0 0.1416015625 0.6083984375 0.0185546875 0.0234375
0 0.2861328125 0.0126953125 0.044921875 0.0244140625
0 0.3740234375 0.0595703125 0.03125 0.0185546875
0 0.6708984375 0.0185546875 0.017578125 0.037109375
0 0.7373046875 0.1279296875 0.0283203125 0.029296875
0 0.7626953125 0.1982421875 0.0380859375 0.0341796875
0 0.890625 0.1923828125 0.0478515625 0.029296875
0 0.4697265625 0.580078125 0.0263671875 0.0244140625
0 0.302734375 0.548828125 0.03125 0.0283203125
0 0.345703125 0.515625 0.0322265625 0.041015625
0 0.984375 0.6318359375 0.0224609375 0.0361328125
0 0.8564453125 0.345703125 0.0244140625 0.029296875
0 0.7158203125 0.265625 0.0283203125 0.041015625
0 0.609375 0.302734375 0.0322265625 0.0361328125
0 0.755859375 0.0751953125 0.0224609375 0.0478515625
0 0.419921875 0.748046875 0.0322265625 0.0390625
0 0.6279296875 0.017578125 0.0146484375 0.0341796875
0 0.7705078125 0.6708984375 0.0380859375 0.0654296875
0 0.5966796875 0.4560546875 0.0224609375 0.041015625
0 0.9228515625 0.5009765625 0.0458984375 0.083984375
0 0.1708984375 0.9521484375 0.044921875 0.0458984375
0 0.2197265625 0.9658203125 0.0380859375 0.0390625
0 0.095703125 0.9033203125 0.044921875 0.0341796875
0 0.37890625 0.8857421875 0.0751953125 0.103515625
0 0.458984375 0.86328125 0.0556640625 0.0556640625
0 0.4560546875 0.7138671875 0.0478515625 0.0859375
0 0.408203125 0.783203125 0.0341796875 0.0654296875
0 0.564453125 0.8544921875 0.0244140625 0.041015625
0 0.6796875 0.9189453125 0.0322265625 0.07421875
0 0.7001953125 0.8310546875 0.021484375 0.0478515625
0 0.3466796875 0.66796875 0.0654296875 0.0390625
0 0.3271484375 0.599609375 0.0556640625 0.0546875
0 0.140625 0.521484375 0.0322265625 0.029296875
0 0.2890625 0.4609375 0.0185546875 0.072265625
0 0.1552734375 0.341796875 0.05859375 0.0361328125
0 0.029296875 0.4169921875 0.0322265625 0.060546875
0 0.1943359375 0.2421875 0.0419921875 0.0390625
0 0.296875 0.2333984375 0.0341796875 0.0361328125
0 0.408203125 0.16796875 0.064453125 0.072265625
0 0.5166015625 0.197265625 0.0283203125 0.052734375
0 0.8720703125 0.3193359375 0.064453125 0.0556640625
0 0.857421875 0.0908203125 0.0751953125 0.0654296875
0 0.9775390625 0.140625 0.041015625 0.0478515625
0 0.3291015625 0.32421875 0.0341796875 0.0361328125
0 0.4404296875 0.029296875 0.0322265625 0.0458984375
0 0.9755859375 0.279296875 0.0380859375 0.0390625
0 0.982421875 0.9599609375 0.0283203125 0.0546875