0 0.8505859375 0.2158203125 0.033203125 0.0234375
0 0.8779296875 0.326171875 0.0595703125 0.03125
0 0.5986328125 0.494140625 0.04296875 0.0283203125
0 0.466796875 0.28515625 0.033203125 0.0283203125
0 0.40234375 0.265625 0.02734375 0.0380859375
0 0.1162109375 0.5869140625 0.02734375 0.052734375
0 0.3525390625 0.6201171875 0.0234375 0.033203125
0 0.390625 0.7578125 0.033203125 0.0390625
0 0.3095703125 0.96875 0.0234375 0.0390625
0 0.150390625 0.9365234375 0.013671875 0.0341796875
0 0.5029296875 0.9189453125 0.021484375 0.041015625
0 0.767578125 0.912109375 0.02734375 0.041015625
0 0.7880859375 0.7177734375 0.041015625 0.0341796875
0 0.4658203125 0.412109375 0.033203125 0.021484375
0 0.791015625 0.125 0.0234375 0.052734375
0 0.94140625 0.1240234375 0.037109375 0.0380859375
0 0.9033203125 0.37890625 0.0107421875 0.03125
0 0.462890625 0.6171875 0.017578125 0.0703125
0 0.490234375 0.6630859375 0.02734375 0.0390625
0 0.4833984375 0.708984375 0.0234375 0.033203125
0 0.3017578125 0.65625 0.0244140625 0.01953125
0 0.728515625 0.6435546875 0.013671875 0.0263671875
0 0.96484375 0.7216796875 0.041015625 0.0234375
0 0.962890625 0.771484375 0.037109375 0.0166015625
0 0.9091796875 0.900390625 0.0146484375 0.0341796875
0 0.171875 0.265625 0.021484375 0.0380859375
0 0.1396484375 0.234375 0.03125 0.0146484375
0 0.619140625 0.7939453125 0.0595703125 0.0341796875
0 0.95703125 0.333984375 0.041015625 0.0654296875
0 0.755859375 0.4326171875 0.044921875 0.052734375
0 0.6767578125 0.7216796875 0.029296875 0.03125
0 0.4326171875 0.62890625 0.033203125 0.0576171875
0 0.1669921875 0.7314453125 0.029296875 0.0390625
0 0.2314453125 0.8095703125 0.06640625 0.052734375
0 0.1875 0.94140625 0.021484375 0.0341796875
0 0.720703125 0.69140625 0.037109375 0.0283203125
0 0.9482421875 0.9716796875 0.03125 0.0458984375
0 0.400390625 0.9599609375 0.041015625 0.041015625
0 0.0390625 0.37890625 0.0234375 0.0439453125
0 0.04296875 0.3037109375 0.04296875 0.0380859375
0 0.4267578125 0.0537109375 0.037109375 0.0283203125