0 0.8427734375 0.7744140625 0.041015625 0.0380859375
0 0.982421875 0.716796875 0.0283203125 0.0419921875
0 0.9306640625 0.78125 0.0595703125 0.0244140625
0 0.9755859375 0.291015625 0.0458984375 0.0185546875
0 0.970703125 0.0751953125 0.0390625 0.0380859375
0 0.8046875 0.0966796875 0.0341796875 0.0322265625
0 0.728515625 0.400390625 0.0234375 0.0380859375
0 0.8515625 0.443359375 0.0283203125 0.0380859375
0 0.9140625 0.49609375 0.0283203125 0.0224609375
0 0.4375 0.4326171875 0.0390625 0.021484375
0 0.5556640625 0.1787109375 0.0234375 0.0283203125
0 0.419921875 0.095703125 0.0341796875 0.0244140625
0 0.3876953125 0.060546875 0.029296875 0.044921875
0 0.40234375 0.015625 0.0341796875 0.021484375
0 0.36328125 0.0126953125 0.0234375 0.025390625
0 0.2314453125 0.146484375 0.0478515625 0.0380859375
0 0.150390625 0.15625 0.0244140625 0.0283203125
0 0.21484375 0.03125 0.041015625 0.0419921875
0 0.3505859375 0.4130859375 0.0234375 0.0341796875
0 0.4296875 0.5380859375 0.060546875 0.0185546875
0 0.4150390625 0.568359375 0.064453125 0.0146484375
0 0.44921875 0.583984375 0.029296875 0.0185546875
0 0.3740234375 0.59375 0.0478515625 0.0283203125
0 0.4736328125 0.765625 0.052734375 0.021484375
0 0.65234375 0.87890625 0.0546875 0.0322265625
0 0.310546875 0.96875 0.029296875 0.0283203125
0 0.1875 0.884765625 0.0234375 0.0341796875
0 0.193359375 0.794921875 0.0341796875 0.041015625
0 0.1484375 0.87109375 0.041015625 0.0244140625
0 0.560546875 0.8154296875 0.0498046875 0.0478515625
0 0.3447265625 0.8046875 0.0478515625 0.03125
0 0.083984375 0.5263671875 0.04296875 0.0380859375
0 0.029296875 0.291015625 0.0234375 0.0478515625
0 0.8671875 0.634765625 0.0478515625 0.044921875
0 0.9462890625 0.576171875 0.0341796875 0.0380859375
0 0.7802734375 0.3251953125 0.060546875 0.0341796875
0 0.1259765625 0.068359375 0.0908203125 0.060546875
0 0.4521484375 0.4677734375 0.0498046875 0.0322265625
0 0.376953125 0.9248046875 0.0556640625 0.0615234375
0 0.4052734375 0.6904296875 0.0546875 0.0419921875
0 0.181640625 0.982421875 0.0546875 0.0322265625
0 0.0478515625 0.056640625 0.0234375 0.0419921875