0 0.8251953125 0.3681640625 0.029296875 0.03125
0 0.6416015625 0.46875 0.0361328125 0.0224609375
0 0.5498046875 0.4921875 0.0234375 0.0322265625
0 0.5673828125 0.5283203125 0.052734375 0.0283203125
0 0.603515625 0.203125 0.04296875 0.0185546875
0 0.3671875 0.1015625 0.0341796875 0.0341796875
0 0.4541015625 0.1923828125 0.029296875 0.0263671875
0 0.294921875 0.341796875 0.0283203125 0.0341796875
0 0.349609375 0.4150390625 0.0185546875 0.0419921875
0 0.3115234375 0.4365234375 0.0283203125 0.0244140625
0 0.26171875 0.4052734375 0.029296875 0.0380859375
0 0.2685546875 0.4423828125 0.033203125 0.0263671875
0 0.15625 0.533203125 0.033203125 0.0322265625
0 0.1865234375 0.642578125 0.041015625 0.015625
0 0.1298828125 0.748046875 0.033203125 0.0380859375
0 0.2880859375 0.671875 0.0390625 0.0341796875
0 0.056640625 0.53515625 0.0341796875 0.03125
0 0.0126953125 0.560546875 0.025390625 0.02734375
0 0.0302734375 0.5888671875 0.021484375 0.0283203125
0 0.9365234375 0.18359375 0.0341796875 0.03125
0 0.935546875 0.2158203125 0.029296875 0.0185546875
0 0.8564453125 0.1904296875 0.064453125 0.0185546875
0 0.8515625 0.1708984375 0.0703125 0.0244140625
0 0.8369140625 0.279296875 0.0234375 0.0283203125
0 0.599609375 0.2578125 0.041015625 0.0244140625
0 0.6142578125 0.2763671875 0.0703125 0.0185546875
0 0.3642578125 0.515625 0.0283203125 0.0380859375
0 0.3046875 0.734375 0.0859375 0.0556640625
0 0.2109375 0.671875 0.0341796875 0.0341796875
0 0.1923828125 0.720703125 0.0458984375 0.0244140625
0 0.1015625 0.62109375 0.060546875 0.0546875
0 0.111328125 0.47265625 0.041015625 0.0224609375
0 0.0966796875 0.4404296875 0.0859375 0.0546875
0 0.05078125 0.2861328125 0.052734375 0.064453125
0 0.310546875 0.2080078125 0.0498046875 0.083984375
0 0.4375 0.2568359375 0.0458984375 0.060546875
0 0.486328125 0.0810546875 0.0546875 0.05078125
0 0.541015625 0.154296875 0.029296875 0.0341796875
0 0.6904296875 0.16796875 0.0556640625 0.0517578125
0 0.7197265625 0.095703125 0.060546875 0.0322265625