0 0.7744140625 0.8408203125 0.0380859375 0.041015625
0 0.716796875 0.9833984375 0.0419921875 0.029296875
0 0.78125 0.9296875 0.0244140625 0.0595703125
0 0.291015625 0.9736328125 0.0185546875 0.0458984375
0 0.0751953125 0.96875 0.0380859375 0.0390625
0 0.0966796875 0.8037109375 0.0322265625 0.0341796875
0 0.400390625 0.7255859375 0.0380859375 0.0234375
0 0.443359375 0.849609375 0.0380859375 0.0283203125
0 0.49609375 0.912109375 0.0224609375 0.0283203125
0 0.4326171875 0.435546875 0.021484375 0.0390625
0 0.1787109375 0.5546875 0.0283203125 0.0234375
0 0.095703125 0.4189453125 0.0244140625 0.0341796875
0 0.060546875 0.38671875 0.044921875 0.029296875
0 0.015625 0.400390625 0.021484375 0.0341796875
0 0.0126953125 0.361328125 0.025390625 0.0234375
0 0.146484375 0.2294921875 0.0380859375 0.0478515625
0 0.15625 0.1484375 0.0283203125 0.0244140625
0 0.03125 0.212890625 0.0419921875 0.041015625
0 0.4130859375 0.3486328125 0.0341796875 0.0234375
0 0.5380859375 0.4287109375 0.0185546875 0.060546875
0 0.568359375 0.4140625 0.0146484375 0.064453125
0 0.583984375 0.447265625 0.0185546875 0.029296875
0 0.59375 0.3720703125 0.0283203125 0.0478515625
0 0.765625 0.4716796875 0.021484375 0.052734375
0 0.87890625 0.650390625 0.0322265625 0.0546875
0 0.96875 0.3095703125 0.0283203125 0.029296875
0 0.884765625 0.185546875 0.0341796875 0.0234375
0 0.794921875 0.19140625 0.041015625 0.0341796875
0 0.87109375 0.1474609375 0.0244140625 0.041015625
0 0.8154296875 0.5595703125 0.0478515625 0.0498046875
0 0.8046875 0.3427734375 0.03125 0.0478515625
0 0.5263671875 0.08203125 0.0380859375 0.04296875
0 0.291015625 0.0283203125 0.0478515625 0.0234375
0 0.634765625 0.8662109375 0.044921875 0.0478515625
0 0.576171875 0.9453125 0.0380859375 0.0341796875
0 0.3251953125 0.7783203125 0.0341796875 0.060546875
0 0.068359375 0.1240234375 0.060546875 0.0908203125
0 0.4677734375 0.4501953125 0.0322265625 0.0498046875
0 0.9248046875 0.376953125 0.0615234375 0.0556640625
0 0.6904296875 0.4033203125 0.0419921875 0.0546875
0 0.982421875 0.1796875 0.0322265625 0.0546875
0 0.056640625 0.0458984375 0.0419921875 0.0234375