0 0.875 0.923828125 0.04296875 0.03125
0 0.9501953125 0.8486328125 0.041015625 0.0224609375
0 0.8603515625 0.953125 0.0234375 0.0185546875
0 0.599609375 0.427734375 0.041015625 0.0341796875
0 0.470703125 0.3515625 0.033203125 0.0322265625
0 0.3505859375 0.3935546875 0.0458984375 0.0341796875
0 0.2265625 0.3017578125 0.0341796875 0.044921875
0 0.2236328125 0.166015625 0.0458984375 0.0185546875
0 0.134765625 0.0126953125 0.029296875 0.0244140625
0 0.154296875 0.568359375 0.029296875 0.0478515625
0 0.6240234375 0.2158203125 0.060546875 0.021484375
0 0.087890625 0.09375 0.0283203125 0.0419921875
0 0.111328125 0.783203125 0.0546875 0.0322265625
0 0.27734375 0.974609375 0.0546875 0.0458984375
0 0.5859375 0.3505859375 0.029296875 0.0283203125
0 0.66015625 0.2529296875 0.060546875 0.03125
0 0.3984375 0.6630859375 0.029296875 0.05078125
0 0.16796875 0.6259765625 0.0498046875 0.0283203125
0 0.0703125 0.5107421875 0.07421875 0.0546875
0 0.162109375 0.1298828125 0.041015625 0.0419921875