0 0.861328125 0.76953125 0.041015625 0.0322265625
0 0.892578125 0.32421875 0.0341796875 0.0341796875
0 0.88671875 0.12109375 0.0234375 0.0380859375
0 0.8466796875 0.1494140625 0.0146484375 0.0263671875
0 0.6767578125 0.1044921875 0.021484375 0.03125
0 0.6904296875 0.1298828125 0.04296875 0.0224609375
0 0.787109375 0.01953125 0.041015625 0.021484375
0 0.7353515625 0.03125 0.04296875 0.0458984375
0 0.6689453125 0.0634765625 0.0458984375 0.0244140625
0 0.447265625 0.095703125 0.0361328125 0.044921875
0 0.3359375 0.1630859375 0.04296875 0.0185546875
0 0.29296875 0.2197265625 0.033203125 0.0380859375
0 0.1796875 0.0322265625 0.029296875 0.0224609375
0 0.224609375 0.5322265625 0.0341796875 0.0322265625
0 0.2509765625 0.5078125 0.0341796875 0.0146484375
0 0.27734375 0.4892578125 0.0341796875 0.0263671875
0 0.1181640625 0.794921875 0.0390625 0.0478515625
0 0.2685546875 0.8330078125 0.0234375 0.0244140625
0 0.287109375 0.7587890625 0.041015625 0.0224609375
0 0.9775390625 0.3515625 0.0380859375 0.0224609375
0 0.8984375 0.517578125 0.021484375 0.0224609375
0 0.8740234375 0.4853515625 0.041015625 0.021484375
0 0.8310546875 0.2763671875 0.029296875 0.0283203125
0 0.9931640625 0.0361328125 0.009765625 0.0517578125
0 0.04296875 0.96875 0.0234375 0.0224609375
0 0.0634765625 0.966796875 0.0244140625 0.0478515625
0 0.0810546875 0.9833984375 0.0244140625 0.0283203125
0 0.1396484375 0.9814453125 0.0498046875 0.0146484375
0 0.0185546875 0.828125 0.0341796875 0.03125
0 0.02734375 0.6142578125 0.0341796875 0.0341796875
0 0.6376953125 0.9658203125 0.033203125 0.015625
0 0.060546875 0.1865234375 0.0390625 0.021484375
0 0.7734375 0.908203125 0.0478515625 0.0546875
0 0.6689453125 0.98046875 0.0458984375 0.037109375
0 0.5498046875 0.9638671875 0.0595703125 0.0693359375
0 0.330078125 0.7734375 0.041015625 0.0546875
0 0.2900390625 0.5966796875 0.0703125 0.0517578125
0 0.1240234375 0.58203125 0.0703125 0.064453125
0 0.2470703125 0.970703125 0.0556640625 0.0546875
0 0.0751953125 0.861328125 0.0458984375 0.064453125
0 0.1484375 0.16796875 0.072265625 0.044921875
0 0.2060546875 0.0849609375 0.0478515625 0.0341796875
0 0.6416015625 0.4150390625 0.0859375 0.0556640625
0 0.560546875 0.3583984375 0.072265625 0.03125
0 0.5546875 0.326171875 0.0478515625 0.0283203125
0 0.9716796875 0.673828125 0.0283203125 0.05078125