0 0.8525390625 0.2978515625 0.0244140625 0.0458984375
0 0.736328125 0.1533203125 0.0224609375 0.0390625
0 0.650390625 0.115234375 0.0478515625 0.0595703125
0 0.0126953125 0.341796875 0.025390625 0.078125
0 0.4248046875 0.427734375 0.0322265625 0.04296875
0 0.6103515625 0.076171875 0.0341796875 0.0283203125
0 0.6240234375 0.060546875 0.0341796875 0.0390625
0 0.71875 0.6630859375 0.0380859375 0.0595703125
0 0.423828125 0.4814453125 0.041015625 0.0478515625
0 0.9248046875 0.5322265625 0.0419921875 0.0341796875
0 0.7724609375 0.1533203125 0.03125 0.0556640625
0 0.8544921875 0.115234375 0.05859375 0.0556640625