0 0.2998046875 0.8525390625 0.0458984375 0.0244140625
0 0.154296875 0.736328125 0.0390625 0.0224609375
0 0.1171875 0.650390625 0.0595703125 0.0478515625
0 0.34375 0.0126953125 0.078125 0.025390625
0 0.4296875 0.4248046875 0.04296875 0.0322265625
0 0.078125 0.6103515625 0.0283203125 0.0341796875
0 0.0625 0.6240234375 0.0390625 0.0341796875
0 0.666015625 0.71875 0.0595703125 0.0380859375
0 0.482421875 0.423828125 0.0478515625 0.041015625
0 0.5341796875 0.9248046875 0.0341796875 0.0419921875
0 0.154296875 0.7724609375 0.0556640625 0.03125
0 0.1171875 0.8544921875 0.0556640625 0.05859375