0 0.1220703125 0.1357421875 0.017578125 0.0546875
0 0.26171875 0.1455078125 0.033203125 0.0546875
0 0.3310546875 0.06640625 0.0234375 0.0439453125
0 0.8251953125 0.1044921875 0.037109375 0.0380859375
0 0.904296875 0.1904296875 0.03125 0.052734375
0 0.3720703125 0.7451171875 0.0498046875 0.052734375
0 0.328125 0.90234375 0.0244140625 0.0380859375
0 0.2431640625 0.97265625 0.0234375 0.0478515625
0 0.3740234375 0.8779296875 0.04296875 0.0390625
0 0.8095703125 0.7314453125 0.033203125 0.0263671875
0 0.9267578125 0.9453125 0.01953125 0.0283203125
0 0.3056640625 0.0556640625 0.0341796875 0.0458984375
0 0.55859375 0.458984375 0.0234375 0.0654296875
0 0.595703125 0.53125 0.03125 0.0595703125
0 0.6220703125 0.580078125 0.0703125 0.041015625
0 0.853515625 0.541015625 0.0244140625 0.0390625
0 0.755859375 0.6533203125 0.064453125 0.072265625
0 0.8017578125 0.818359375 0.056640625 0.0546875
0 0.78515625 0.9365234375 0.033203125 0.0283203125
0 0.8388671875 0.970703125 0.041015625 0.052734375
0 0.958984375 0.9248046875 0.03125 0.0576171875
0 0.0517578125 0.099609375 0.056640625 0.041015625