0 0.8076171875 0.7900390625 0.0478515625 0.0478515625
0 0.916015625 0.4873046875 0.0380859375 0.0283203125
0 0.7041015625 0.2861328125 0.0322265625 0.0390625
0 0.228515625 0.4609375 0.0224609375 0.0341796875
0 0.0283203125 0.7041015625 0.021484375 0.029296875
0 0.791015625 0.98046875 0.0244140625 0.033203125
0 0.982421875 0.978515625 0.0263671875 0.0390625
0 0.98828125 0.91796875 0.0185546875 0.029296875
0 0.9765625 0.640625 0.044921875 0.0478515625
0 0.630859375 0.2685546875 0.05859375 0.064453125
0 0.8505859375 0.2421875 0.0458984375 0.0546875
0 0.0283203125 0.7470703125 0.0556640625 0.0478515625
0 0.1064453125 0.9423828125 0.0419921875 0.0458984375
0 0.4541015625 0.9296875 0.0341796875 0.0458984375
0 0.521484375 0.9619140625 0.0341796875 0.0390625