0 0.8623046875 0.1220703125 0.0556640625 0.0185546875
0 0.8515625 0.2626953125 0.0556640625 0.0341796875
0 0.9306640625 0.33203125 0.0458984375 0.0244140625
0 0.8935546875 0.8251953125 0.0390625 0.0380859375
0 0.8046875 0.904296875 0.0546875 0.0322265625
0 0.2509765625 0.3720703125 0.0546875 0.05078125
0 0.095703125 0.3271484375 0.0390625 0.0263671875
0 0.0244140625 0.2431640625 0.048828125 0.025390625
0 0.1171875 0.375 0.041015625 0.044921875
0 0.263671875 0.810546875 0.0283203125 0.0341796875
0 0.052734375 0.9267578125 0.029296875 0.021484375
0 0.9404296875 0.3046875 0.0478515625 0.0341796875
0 0.537109375 0.5595703125 0.0673828125 0.0244140625
0 0.46484375 0.5966796875 0.060546875 0.0322265625
0 0.41796875 0.6220703125 0.04296875 0.0703125
0 0.455078125 0.853515625 0.041015625 0.0263671875
0 0.3427734375 0.755859375 0.07421875 0.0654296875
0 0.1796875 0.8017578125 0.0556640625 0.05859375
0 0.060546875 0.7861328125 0.029296875 0.0341796875
0 0.0263671875 0.8388671875 0.052734375 0.0419921875
0 0.072265625 0.958984375 0.0595703125 0.0322265625
0 0.8984375 0.0517578125 0.04296875 0.05859375