0 0.7919921875 0.8076171875 0.0478515625 0.0478515625
0 0.4892578125 0.916015625 0.0283203125 0.0380859375
0 0.2880859375 0.7041015625 0.0390625 0.0322265625
0 0.462890625 0.228515625 0.0341796875 0.0224609375
0 0.7060546875 0.0283203125 0.029296875 0.021484375
0 0.9814453125 0.791015625 0.033203125 0.0244140625
0 0.9775390625 0.982421875 0.0380859375 0.0263671875
0 0.9189453125 0.98828125 0.029296875 0.0185546875
0 0.642578125 0.9765625 0.0478515625 0.044921875
0 0.2705078125 0.630859375 0.064453125 0.05859375
0 0.244140625 0.8505859375 0.0546875 0.0458984375
0 0.7490234375 0.0283203125 0.0478515625 0.0556640625
0 0.9443359375 0.1064453125 0.0458984375 0.0419921875
0 0.9306640625 0.4541015625 0.0458984375 0.0341796875
0 0.9638671875 0.521484375 0.0390625 0.0341796875