0 0.7685546875 0.0859375 0.046875 0.0380859375
0 0.6611328125 0.2021484375 0.0400390625 0.0234375
0 0.5361328125 0.3037109375 0.021484375 0.0380859375
0 0.5361328125 0.361328125 0.0341796875 0.0380859375
0 0.4443359375 0.326171875 0.01953125 0.03125
0 0.3349609375 0.2314453125 0.0244140625 0.01953125
0 0.255859375 0.2109375 0.0234375 0.0380859375
0 0.201171875 0.03125 0.021484375 0.033203125
0 0.078125 0.2802734375 0.029296875 0.021484375
0 0.04296875 0.28125 0.01953125 0.033203125
0 0.0322265625 0.3095703125 0.017578125 0.0380859375
0 0.03515625 0.4375 0.0234375 0.0458984375
0 0.2919921875 0.3251953125 0.044921875 0.0263671875
0 0.205078125 0.3466796875 0.044921875 0.0166015625
0 0.466796875 0.466796875 0.0244140625 0.0234375
0 0.1376953125 0.693359375 0.041015625 0.0283203125
0 0.2080078125 0.833984375 0.037109375 0.0234375
0 0.1103515625 0.8935546875 0.03125 0.033203125
0 0.0068359375 0.7998046875 0.013671875 0.021484375
0 0.6240234375 0.5595703125 0.021484375 0.0576171875
0 0.466796875 0.884765625 0.04296875 0.0234375
0 0.810546875 0.2470703125 0.0146484375 0.0380859375
0 0.7939453125 0.30078125 0.033203125 0.0234375
0 0.759765625 0.3427734375 0.0234375 0.0146484375
0 0.953125 0.552734375 0.021484375 0.033203125
0 0.9501953125 0.59765625 0.01953125 0.03125
0 0.8662109375 0.8134765625 0.02734375 0.041015625
0 0.814453125 0.927734375 0.0341796875 0.01953125
0 0.64453125 0.4482421875 0.033203125 0.021484375
0 0.6103515625 0.2548828125 0.052734375 0.0693359375
0 0.6767578125 0.3701171875 0.04296875 0.0263671875
0 0.390625 0.2255859375 0.046875 0.052734375
0 0.0947265625 0.494140625 0.052734375 0.064453125
0 0.009765625 0.5126953125 0.01953125 0.0791015625
0 0.1982421875 0.306640625 0.0634765625 0.041015625
0 0.44921875 0.552734375 0.02734375 0.0693359375
0 0.39453125 0.5908203125 0.060546875 0.0703125
0 0.3125 0.732421875 0.021484375 0.041015625
0 0.58203125 0.599609375 0.046875 0.0546875
0 0.7001953125 0.6474609375 0.056640625 0.0380859375
0 0.5205078125 0.7216796875 0.04296875 0.0380859375
0 0.5 0.8251953125 0.0546875 0.0595703125
0 0.603515625 0.8095703125 0.044921875 0.0439453125
0 0.955078125 0.703125 0.03125 0.0380859375
0 0.044921875 0.9453125 0.056640625 0.0341796875
0 0.841796875 0.8251953125 0.02734375 0.0341796875
0 0.919921875 0.53515625 0.037109375 0.0380859375