0 0.8525390625 0.6982421875 0.0234375 0.0439453125
0 0.7353515625 0.8427734375 0.021484375 0.0380859375
0 0.6513671875 0.880859375 0.046875 0.0576171875
0 0.0126953125 0.650390625 0.025390625 0.07421875
0 0.423828125 0.568359375 0.03125 0.041015625
0 0.609375 0.91796875 0.033203125 0.0263671875
0 0.625 0.9345703125 0.0341796875 0.0380859375
0 0.71875 0.3310546875 0.037109375 0.0576171875
0 0.4248046875 0.5126953125 0.0400390625 0.0458984375
0 0.923828125 0.4619140625 0.041015625 0.033203125
0 0.7734375 0.8427734375 0.029296875 0.0546875
0 0.85546875 0.880859375 0.056640625 0.0546875