0 0.955078125 0.5009765625 0.0478515625 0.0283203125
0 0.8994140625 0.5048828125 0.0361328125 0.0224609375
0 0.888671875 0.2001953125 0.0341796875 0.0244140625
0 0.4609375 0.130859375 0.0556640625 0.03125
0 0.3046875 0.0205078125 0.0361328125 0.041015625
0 0.3759765625 0.0107421875 0.060546875 0.021484375
0 0.3251953125 0.5849609375 0.0185546875 0.0322265625
0 0.28515625 0.62109375 0.0244140625 0.0322265625
0 0.2958984375 0.669921875 0.0556640625 0.0322265625
0 0.2080078125 0.8515625 0.021484375 0.0341796875
0 0.162109375 0.806640625 0.0244140625 0.0341796875
0 0.04296875 0.7509765625 0.0234375 0.0341796875
0 0.201171875 0.771484375 0.0478515625 0.0263671875
0 0.486328125 0.8564453125 0.041015625 0.0341796875
0 0.447265625 0.8779296875 0.029296875 0.0341796875
0 0.4873046875 0.7509765625 0.0361328125 0.0224609375
0 0.4873046875 0.67578125 0.033203125 0.0244140625
0 0.9697265625 0.95703125 0.0546875 0.060546875
0 0.9296875 0.583984375 0.0478515625 0.0615234375
0 0.654296875 0.5498046875 0.0498046875 0.08203125
0 0.4990234375 0.3251953125 0.0546875 0.0380859375
0 0.5185546875 0.7158203125 0.0966796875 0.0283203125
0 0.5126953125 0.9091796875 0.0478515625 0.0478515625
0 0.482421875 0.9775390625 0.0546875 0.0341796875
0 0.279296875 0.783203125 0.0791015625 0.0341796875
0 0.8623046875 0.078125 0.041015625 0.060546875