0 0.5009765625 0.041015625 0.02734375 0.0458984375
0 0.50390625 0.09765625 0.021484375 0.0341796875
0 0.2001953125 0.1064453125 0.0234375 0.033203125
0 0.130859375 0.537109375 0.029296875 0.0546875
0 0.01953125 0.6923828125 0.0390625 0.033203125
0 0.009765625 0.6201171875 0.01953125 0.0595703125
0 0.5849609375 0.6708984375 0.03125 0.0166015625
0 0.62109375 0.7109375 0.03125 0.0234375
0 0.6689453125 0.701171875 0.03125 0.0546875
0 0.8505859375 0.7880859375 0.033203125 0.01953125
0 0.80859375 0.833984375 0.0341796875 0.0234375
0 0.7529296875 0.955078125 0.0341796875 0.021484375
0 0.7724609375 0.7939453125 0.0244140625 0.0458984375
0 0.857421875 0.509765625 0.0341796875 0.0390625
0 0.876953125 0.5498046875 0.033203125 0.0283203125
0 0.7509765625 0.5107421875 0.021484375 0.0341796875
0 0.6748046875 0.5107421875 0.0234375 0.03125
0 0.9580078125 0.0263671875 0.0595703125 0.052734375
0 0.583984375 0.0654296875 0.060546875 0.0458984375
0 0.548828125 0.3427734375 0.080078125 0.0478515625
0 0.3251953125 0.4970703125 0.037109375 0.052734375
0 0.716796875 0.4765625 0.02734375 0.095703125
0 0.9091796875 0.4833984375 0.046875 0.0458984375
0 0.9775390625 0.5126953125 0.033203125 0.052734375
0 0.7841796875 0.7177734375 0.0341796875 0.0771484375
0 0.0791015625 0.1328125 0.0595703125 0.0390625