0 0.71484375 0.0693359375 0.0634765625 0.0263671875
0 0.55078125 0.146484375 0.017578125 0.0234375
0 0.5224609375 0.1689453125 0.02734375 0.0390625
0 0.423828125 0.17578125 0.033203125 0.0263671875
0 0.447265625 0.2626953125 0.029296875 0.01953125
0 0.443359375 0.3955078125 0.0234375 0.0439453125
0 0.3154296875 0.3583984375 0.01953125 0.033203125
0 0.0224609375 0.248046875 0.041015625 0.0234375
0 0.2333984375 0.6630859375 0.04296875 0.033203125
0 0.845703125 0.1875 0.0244140625 0.0458984375
0 0.8154296875 0.212890625 0.037109375 0.0546875
0 0.94140625 0.2607421875 0.02734375 0.0341796875
0 0.8095703125 0.126953125 0.0400390625 0.0458984375
0 0.4453125 0.3076171875 0.060546875 0.0625
0 0.208984375 0.5 0.041015625 0.0458984375
0 0.4560546875 0.6015625 0.03125 0.0546875
0 0.2685546875 0.4560546875 0.056640625 0.0703125