0 0.9111328125 0.767578125 0.0390625 0.0478515625
0 0.7939453125 0.66015625 0.0244140625 0.041015625
0 0.6943359375 0.537109375 0.0390625 0.0224609375
0 0.63671875 0.5341796875 0.0390625 0.0341796875
0 0.6708984375 0.443359375 0.033203125 0.021484375
0 0.763671875 0.3349609375 0.021484375 0.0263671875
0 0.7861328125 0.255859375 0.0390625 0.0244140625
0 0.96484375 0.2021484375 0.0341796875 0.0224609375
0 0.716796875 0.0771484375 0.0234375 0.03125
0 0.71484375 0.04296875 0.0341796875 0.021484375
0 0.6875 0.03125 0.0390625 0.0185546875
0 0.55859375 0.0361328125 0.0478515625 0.0244140625
0 0.669921875 0.291015625 0.0283203125 0.0458984375
0 0.6484375 0.205078125 0.0185546875 0.0458984375
0 0.5283203125 0.4658203125 0.0244140625 0.0263671875
0 0.3046875 0.138671875 0.029296875 0.0419921875
0 0.162109375 0.20703125 0.0244140625 0.0380859375
0 0.1025390625 0.111328125 0.0341796875 0.0322265625
0 0.197265625 0.0078125 0.0234375 0.0146484375
0 0.4375 0.625 0.0595703125 0.0224609375
0 0.111328125 0.4677734375 0.0244140625 0.044921875
0 0.75 0.8095703125 0.0390625 0.015625
0 0.6953125 0.794921875 0.0244140625 0.0341796875
0 0.654296875 0.759765625 0.0166015625 0.0244140625
0 0.443359375 0.9541015625 0.0341796875 0.0224609375
0 0.3994140625 0.9501953125 0.033203125 0.021484375
0 0.1845703125 0.865234375 0.04296875 0.0283203125
0 0.068359375 0.8134765625 0.021484375 0.0341796875
0 0.5498046875 0.64453125 0.0234375 0.0341796875
0 0.7412109375 0.611328125 0.0703125 0.0546875
0 0.6259765625 0.6767578125 0.0283203125 0.044921875
0 0.7705078125 0.390625 0.0546875 0.0478515625
0 0.5029296875 0.095703125 0.0654296875 0.0546875
0 0.482421875 0.0107421875 0.0810546875 0.021484375
0 0.6904296875 0.19921875 0.04296875 0.064453125
0 0.443359375 0.4482421875 0.0703125 0.0283203125
0 0.40625 0.39453125 0.072265625 0.0615234375
0 0.2646484375 0.3134765625 0.04296875 0.0224609375
0 0.3984375 0.5810546875 0.0556640625 0.0478515625
0 0.3505859375 0.7001953125 0.0390625 0.05859375
0 0.2763671875 0.521484375 0.0390625 0.044921875
0 0.169921875 0.4990234375 0.060546875 0.0556640625
0 0.1875 0.603515625 0.0458984375 0.0458984375
0 0.2939453125 0.955078125 0.0390625 0.0322265625
0 0.052734375 0.0439453125 0.0361328125 0.05859375
0 0.1708984375 0.8408203125 0.0361328125 0.0283203125
0 0.4619140625 0.9189453125 0.0390625 0.0380859375