0 0.763671875 0.298828125 0.01953125 0.05078125
0 0.8125 0.337890625 0.04296875 0.041015625
0 0.9111328125 0.4521484375 0.017578125 0.0390625
0 0.94140625 0.462890625 0.033203125 0.0546875
0 0.4892578125 0.595703125 0.04296875 0.0390625
0 0.376953125 0.6123046875 0.021484375 0.033203125
0 0.384765625 0.7314453125 0.03125 0.0380859375
0 0.1357421875 0.7099609375 0.033203125 0.021484375
0 0.125 0.7490234375 0.0244140625 0.0078125
0 0.1376953125 0.7841796875 0.0400390625 0.0263671875
0 0.083984375 0.7939453125 0.02734375 0.033203125
0 0.0458984375 0.8037109375 0.029296875 0.03125
0 0.1103515625 0.7998046875 0.021484375 0.021484375
0 0.1259765625 0.8720703125 0.0234375 0.0380859375
0 0.0341796875 0.9345703125 0.0234375 0.0595703125
0 0.3056640625 0.75390625 0.02734375 0.0283203125
0 0.3251953125 0.76953125 0.02734375 0.0166015625
0 0.341796875 0.837890625 0.02734375 0.021484375
0 0.30078125 0.958984375 0.02734375 0.033203125
0 0.40625 0.9013671875 0.046875 0.033203125
0 0.443359375 0.9140625 0.017578125 0.0166015625
0 0.4990234375 0.9814453125 0.044921875 0.0283203125
0 0.5654296875 0.8232421875 0.03125 0.021484375
0 0.0146484375 0.453125 0.0283203125 0.03125
0 0.080078125 0.14453125 0.0341796875 0.0458984375
0 0.3544921875 0.064453125 0.041015625 0.0263671875
0 0.423828125 0.1083984375 0.03125 0.0595703125
0 0.6630859375 0.2373046875 0.033203125 0.0283203125
0 0.46875 0.2958984375 0.02734375 0.0234375
0 0.9033203125 0.2490234375 0.0244140625 0.021484375
0 0.96875 0.2529296875 0.0146484375 0.0263671875
0 0.931640625 0.2763671875 0.0234375 0.0390625
0 0.9404296875 0.296875 0.0341796875 0.021484375
0 0.9765625 0.36328125 0.017578125 0.0234375
0 0.6884765625 0.037109375 0.029296875 0.041015625
0 0.0419921875 0.1484375 0.0244140625 0.0283203125
0 0.92578125 0.6171875 0.037109375 0.021484375
0 0.34375 0.5615234375 0.02734375 0.0380859375
0 0.15234375 0.2216796875 0.02734375 0.0390625
0 0.0751953125 0.9658203125 0.029296875 0.0283203125
0 0.6904296875 0.4326171875 0.0234375 0.033203125
0 0.181640625 0.4140625 0.03125 0.01953125
0 0.8154296875 0.4072265625 0.0771484375 0.0478515625
0 0.4111328125 0.59765625 0.0400390625 0.0478515625
0 0.2490234375 0.5595703125 0.052734375 0.0859375
0 0.3115234375 0.578125 0.0341796875 0.0283203125
0 0.2978515625 0.4931640625 0.041015625 0.0263671875
0 0.3203125 0.671875 0.037109375 0.05078125
0 0.0419921875 0.7421875 0.0244140625 0.041015625
0 0.509765625 0.833984375 0.0771484375 0.125
0 0.9677734375 0.708984375 0.0595703125 0.0888671875
0 0.8837890625 0.6630859375 0.037109375 0.052734375
0 0.5888671875 0.546875 0.041015625 0.0439453125
0 0.453125 0.9599609375 0.0634765625 0.0576171875
0 0.4296875 0.193359375 0.033203125 0.05078125
0 0.314453125 0.25 0.037109375 0.0595703125
0 0.1533203125 0.1708984375 0.044921875 0.0595703125
0 0.103515625 0.3466796875 0.0703125 0.072265625
0 0.142578125 0.255859375 0.0400390625 0.0283203125
0 0.650390625 0.0224609375 0.021484375 0.0439453125
0 0.6396484375 0.681640625 0.037109375 0.041015625
0 0.650390625 0.875 0.03125 0.0390625
0 0.6240234375 0.9677734375 0.041015625 0.0546875
0 0.076171875 0.927734375 0.05078125 0.0625
0 0.4150390625 0.8154296875 0.052734375 0.0234375