0 0.57421875 0.8515625 0.0244140625 0.0498046875
0 0.537109375 0.81640625 0.0224609375 0.0341796875
0 0.4765625 0.5439453125 0.0244140625 0.04296875
0 0.5712890625 0.4921875 0.021484375 0.033203125
0 0.294921875 0.5810546875 0.0263671875 0.0478515625
0 0.392578125 0.5595703125 0.03125 0.033203125
0 0.1611328125 0.4658203125 0.0244140625 0.041015625
0 0.4462890625 0.197265625 0.015625 0.029296875
0 0.423828125 0.2939453125 0.03125 0.0341796875
0 0.4033203125 0.162109375 0.0146484375 0.0478515625
0 0.4091796875 0.1103515625 0.0322265625 0.033203125
0 0.3427734375 0.12890625 0.0224609375 0.021484375
0 0.6083984375 0.341796875 0.0185546875 0.0234375
0 0.751953125 0.3408203125 0.015625 0.0498046875
0 0.7236328125 0.4658203125 0.0341796875 0.021484375
0 0.3095703125 0.7734375 0.0283203125 0.0283203125
0 0.8291015625 0.896484375 0.0224609375 0.0234375
0 0.861328125 0.8916015625 0.0146484375 0.0361328125
0 0.865234375 0.841796875 0.0380859375 0.033203125
0 0.982421875 0.7001953125 0.0322265625 0.0673828125
0 0.982421875 0.5146484375 0.0283203125 0.029296875
0 0.775390625 0.5068359375 0.0283203125 0.033203125
0 0.6826171875 0.953125 0.0263671875 0.0478515625
0 0.3798828125 0.7373046875 0.0322265625 0.0341796875
0 0.0322265625 0.7626953125 0.0224609375 0.033203125
0 0.0126953125 0.787109375 0.025390625 0.0234375
0 0.7880859375 0.4228515625 0.0263671875 0.029296875
0 0.7255859375 0.0771484375 0.0341796875 0.0390625
0 0.4248046875 0.490234375 0.0322265625 0.0361328125
0 0.931640625 0.91015625 0.0244140625 0.0546875
0 0.8408203125 0.9404296875 0.0341796875 0.0654296875
0 0.646484375 0.79296875 0.0341796875 0.0595703125
0 0.3671875 0.7734375 0.0263671875 0.0556640625
0 0.0126953125 0.6435546875 0.0244140625 0.041015625
0 0.4921875 0.3251953125 0.0380859375 0.0341796875
0 0.5458984375 0.2802734375 0.0341796875 0.0673828125
0 0.6943359375 0.4169921875 0.0517578125 0.0478515625
0 0.880859375 0.2548828125 0.0244140625 0.0595703125
0 0.9482421875 0.2783203125 0.0380859375 0.072265625
0 0.8017578125 0.2294921875 0.0478515625 0.060546875
0 0.734375 0.1357421875 0.0419921875 0.0341796875
0 0.2998046875 0.208984375 0.0322265625 0.072265625
0 0.9296875 0.55078125 0.0419921875 0.0498046875