0 0.69921875 0.7626953125 0.052734375 0.021484375
0 0.6591796875 0.8134765625 0.04296875 0.044921875
0 0.5439453125 0.91015625 0.041015625 0.0185546875
0 0.5341796875 0.94140625 0.0556640625 0.0341796875
0 0.400390625 0.490234375 0.041015625 0.044921875
0 0.3837890625 0.3779296875 0.0341796875 0.0224609375
0 0.2666015625 0.384765625 0.0390625 0.0322265625
0 0.2880859375 0.1357421875 0.0234375 0.0341796875
0 0.248046875 0.1240234375 0.009765625 0.0263671875
0 0.2109375 0.13671875 0.0283203125 0.041015625
0 0.201171875 0.083984375 0.0341796875 0.0283203125
0 0.1943359375 0.044921875 0.033203125 0.03125
0 0.197265625 0.111328125 0.0234375 0.0224609375
0 0.125 0.1259765625 0.0390625 0.0244140625
0 0.0615234375 0.033203125 0.060546875 0.0244140625
0 0.2431640625 0.3046875 0.029296875 0.0283203125
0 0.2265625 0.3251953125 0.0185546875 0.0283203125
0 0.1591796875 0.3408203125 0.0234375 0.0283203125
0 0.037109375 0.2998046875 0.0341796875 0.0283203125
0 0.0947265625 0.4052734375 0.0341796875 0.0478515625
0 0.0810546875 0.4423828125 0.0185546875 0.0185546875
0 0.0166015625 0.498046875 0.029296875 0.0458984375
0 0.1748046875 0.564453125 0.0234375 0.0322265625
0 0.5439453125 0.0146484375 0.033203125 0.0283203125
0 0.8515625 0.0791015625 0.0478515625 0.0341796875
0 0.931640625 0.35546875 0.0283203125 0.0419921875
0 0.8876953125 0.4248046875 0.060546875 0.0322265625
0 0.759765625 0.6630859375 0.029296875 0.0341796875
0 0.7001953125 0.46875 0.0244140625 0.0283203125
0 0.748046875 0.9033203125 0.0234375 0.0263671875
0 0.7421875 0.96875 0.0283203125 0.015625
0 0.7197265625 0.931640625 0.041015625 0.0244140625
0 0.7001953125 0.939453125 0.0234375 0.0341796875
0 0.6328125 0.9755859375 0.0244140625 0.0185546875
0 0.9609375 0.6875 0.04296875 0.03125
0 0.8486328125 0.041015625 0.029296875 0.0263671875
0 0.3798828125 0.9248046875 0.0234375 0.0380859375
0 0.435546875 0.34375 0.0390625 0.0283203125
0 0.7734375 0.1513671875 0.041015625 0.0283203125
0 0.03125 0.0751953125 0.029296875 0.03125
0 0.5634765625 0.6904296875 0.0341796875 0.0244140625
0 0.5810546875 0.181640625 0.021484375 0.0322265625
0 0.5908203125 0.8154296875 0.0498046875 0.078125
0 0.3994140625 0.41015625 0.0498046875 0.041015625
0 0.435546875 0.25 0.0859375 0.0546875
0 0.4189453125 0.310546875 0.029296875 0.0341796875
0 0.5029296875 0.2978515625 0.0283203125 0.0419921875
0 0.3251953125 0.3203125 0.052734375 0.0380859375
0 0.2548828125 0.041015625 0.04296875 0.0263671875
0 0.162109375 0.509765625 0.126953125 0.078125
0 0.287109375 0.966796875 0.0908203125 0.060546875
0 0.3330078125 0.8828125 0.0546875 0.0380859375
0 0.4501953125 0.5888671875 0.0458984375 0.0419921875
0 0.0380859375 0.4541015625 0.0595703125 0.064453125
0 0.8046875 0.4306640625 0.052734375 0.0341796875
0 0.74609375 0.3134765625 0.060546875 0.0380859375
0 0.8251953125 0.1533203125 0.060546875 0.0458984375
0 0.6484375 0.103515625 0.07421875 0.0703125
0 0.7421875 0.1416015625 0.029296875 0.041015625
0 0.9755859375 0.6513671875 0.0458984375 0.0224609375
0 0.314453125 0.6396484375 0.04296875 0.0380859375
0 0.12109375 0.6513671875 0.041015625 0.0322265625
0 0.029296875 0.625 0.0556640625 0.0419921875
0 0.068359375 0.0771484375 0.064453125 0.0517578125
0 0.1796875 0.416015625 0.0244140625 0.0546875