0 0.96875 0.205078125 0.037109375 0.0283203125
0 0.8583984375 0.076171875 0.03125 0.03125
0 0.5888671875 0.1318359375 0.013671875 0.0693359375
0 0.455078125 0.1669921875 0.033203125 0.0439453125
0 0.400390625 0.1279296875 0.021484375 0.0390625
0 0.3857421875 0.056640625 0.0146484375 0.041015625
0 0.1279296875 0.03515625 0.0400390625 0.0283203125
0 0.04296875 0.1162109375 0.029296875 0.03125
0 0.2197265625 0.21875 0.03125 0.0263671875
0 0.20703125 0.2802734375 0.03125 0.0283203125
0 0.1875 0.150390625 0.0234375 0.041015625
0 0.0849609375 0.4794921875 0.021484375 0.041015625
0 0.0224609375 0.5673828125 0.044921875 0.029296875
0 0.08984375 0.552734375 0.033203125 0.0166015625
0 0.1669921875 0.4951171875 0.0341796875 0.0390625
0 0.228515625 0.5703125 0.03125 0.0263671875
0 0.193359375 0.599609375 0.021484375 0.0546875
0 0.0771484375 0.71875 0.017578125 0.033203125
0 0.025390625 0.7841796875 0.021484375 0.0390625
0 0.146484375 0.8037109375 0.0341796875 0.0283203125
0 0.203125 0.759765625 0.041015625 0.033203125
0 0.3056640625 0.5810546875 0.029296875 0.041015625
0 0.4033203125 0.6015625 0.0546875 0.0390625
0 0.591796875 0.5888671875 0.03125 0.0595703125
0 0.5458984375 0.6318359375 0.01953125 0.0390625
0 0.541015625 0.4638671875 0.0234375 0.0263671875
0 0.677734375 0.4892578125 0.029296875 0.0439453125
0 0.671875 0.3232421875 0.02734375 0.03125
0 0.70703125 0.9033203125 0.021484375 0.0458984375
0 0.705078125 0.974609375 0.0244140625 0.041015625
0 0.703125 0.7783203125 0.021484375 0.052734375
0 0.9775390625 0.3427734375 0.041015625 0.03125
0 0.970703125 0.447265625 0.01953125 0.033203125
0 0.943359375 0.447265625 0.0234375 0.0234375
0 0.8154296875 0.455078125 0.0234375 0.0546875
0 0.6728515625 0.1220703125 0.0244140625 0.033203125
0 0.677734375 0.078125 0.021484375 0.0283203125
0 0.6904296875 0.0107421875 0.01953125 0.021484375
0 0.7568359375 0.0654296875 0.03125 0.0166015625
0 0.015625 0.0126953125 0.03125 0.025390625
0 0.0283203125 0.0732421875 0.0146484375 0.0380859375
0 0.1904296875 0.8818359375 0.0400390625 0.033203125
0 0.3974609375 0.974609375 0.037109375 0.041015625
0 0.9140625 0.7998046875 0.04296875 0.0283203125
0 0.9248046875 0.900390625 0.033203125 0.064453125
0 0.9599609375 0.599609375 0.04296875 0.021484375
0 0.78125 0.6201171875 0.052734375 0.033203125
0 0.111328125 0.2314453125 0.037109375 0.041015625
0 0.75 0.158203125 0.037109375 0.052734375
0 0.6279296875 0.2607421875 0.041015625 0.0546875
0 0.3154296875 0.4375 0.056640625 0.0390625
0 0.2333984375 0.6435546875 0.05078125 0.083984375
0 0.10546875 0.64453125 0.046875 0.0595703125
0 0.4853515625 0.7275390625 0.046875 0.05078125
0 0.765625 0.7568359375 0.046875 0.072265625
0 0.7900390625 0.7626953125 0.041015625 0.0283203125
0 0.7978515625 0.802734375 0.0703125 0.033203125
0 0.76953125 0.84375 0.05078125 0.0458984375
0 0.828125 0.880859375 0.033203125 0.0341796875
0 0.7666015625 0.9013671875 0.05078125 0.0595703125
0 0.953125 0.8251953125 0.0400390625 0.0341796875
0 0.9345703125 0.6708984375 0.041015625 0.052734375
0 0.888671875 0.708984375 0.029296875 0.0654296875
0 0.890625 0.59765625 0.044921875 0.0341796875
0 0.9619140625 0.5439453125 0.0634765625 0.064453125
0 0.68359375 0.6220703125 0.046875 0.0380859375
0 0.6640625 0.791015625 0.04296875 0.072265625
0 0.4208984375 0.8818359375 0.037109375 0.0263671875
0 0.3564453125 0.94140625 0.02734375 0.05078125
0 0.115234375 0.9052734375 0.02734375 0.0546875
0 0.1328125 0.9560546875 0.033203125 0.0390625
0 0.5703125 0.01953125 0.033203125 0.0390625
0 0.4267578125 0.037109375 0.037109375 0.0546875
0 0.7197265625 0.068359375 0.03125 0.0478515625
0 0.7666015625 0.0283203125 0.052734375 0.0283203125
0 0.244140625 0.0751953125 0.02734375 0.064453125
0 0.599609375 0.4794921875 0.033203125 0.0478515625