0 0.814453125 0.8232421875 0.0458984375 0.0244140625
0 0.74609375 0.7080078125 0.021484375 0.0244140625
0 0.8515625 0.4658203125 0.0546875 0.0224609375
0 0.748046875 0.4404296875 0.04296875 0.021484375
0 0.3837890625 0.1259765625 0.064453125 0.0380859375
0 0.46875 0.05859375 0.0458984375 0.041015625
0 0.3125 0.9560546875 0.0498046875 0.0380859375
0 0.1103515625 0.9755859375 0.0361328125 0.041015625
0 0.7421875 0.7470703125 0.0234375 0.021484375
0 0.703125 0.7451171875 0.0283203125 0.0341796875
0 0.6796875 0.7646484375 0.0234375 0.0341796875
0 0.9296875 0.5791015625 0.0595703125 0.0146484375
0 0.9755859375 0.59375 0.029296875 0.0341796875
0 0.982421875 0.048828125 0.0283203125 0.0283203125
0 0.9873046875 0.892578125 0.0234375 0.0185546875
0 0.9814453125 0.8212890625 0.033203125 0.0283203125
0 0.8369140625 0.6357421875 0.0234375 0.0341796875
0 0.8818359375 0.625 0.033203125 0.0244140625
0 0.9140625 0.646484375 0.0341796875 0.0263671875
0 0.9501953125 0.666015625 0.0283203125 0.0244140625
0 0.6796875 0.443359375 0.0185546875 0.0244140625
0 0.6650390625 0.4580078125 0.021484375 0.044921875
0 0.4921875 0.8828125 0.0478515625 0.021484375
0 0.5595703125 0.9443359375 0.029296875 0.0419921875
0 0.01953125 0.1923828125 0.0390625 0.0380859375
0 0.98046875 0.390625 0.0361328125 0.0341796875
0 0.767578125 0.529296875 0.0966796875 0.0419921875
0 0.857421875 0.591796875 0.0546875 0.0419921875
0 0.7392578125 0.650390625 0.064453125 0.060546875
0 0.7001953125 0.603515625 0.0390625 0.0458984375
0 0.6220703125 0.6005859375 0.029296875 0.0380859375
0 0.640625 0.841796875 0.064453125 0.0380859375
0 0.638671875 0.9345703125 0.0478515625 0.0615234375
0 0.5712890625 0.984375 0.0283203125 0.0263671875
0 0.646484375 0.388671875 0.0859375 0.064453125
0 0.6318359375 0.279296875 0.0458984375 0.0419921875
0 0.92578125 0.146484375 0.0595703125 0.0556640625