0 0.8505859375 0.1103515625 0.029296875 0.021484375
0 0.666015625 0.0400390625 0.029296875 0.0546875
0 0.7197265625 0.302734375 0.0341796875 0.0224609375
0 0.693359375 0.3115234375 0.0244140625 0.0283203125
0 0.693359375 0.359375 0.0283203125 0.0244140625
0 0.3310546875 0.2119140625 0.0283203125 0.0283203125
0 0.1923828125 0.1904296875 0.029296875 0.044921875
0 0.2392578125 0.078125 0.0341796875 0.0224609375
0 0.130859375 0.029296875 0.0478515625 0.05859375
0 0.310546875 0.4892578125 0.0390625 0.0322265625
0 0.1435546875 0.49609375 0.0234375 0.0419921875
0 0.1845703125 0.5517578125 0.0244140625 0.041015625
0 0.607421875 0.8623046875 0.0283203125 0.0419921875
0 0.85546875 0.65625 0.0458984375 0.0283203125
0 0.857421875 0.7197265625 0.0478515625 0.0283203125
0 0.9580078125 0.7666015625 0.0341796875 0.0283203125
0 0.791015625 0.48046875 0.0361328125 0.0546875
0 0.755859375 0.3759765625 0.0244140625 0.0380859375
0 0.5439453125 0.4638671875 0.052734375 0.0244140625
0 0.5078125 0.5712890625 0.0341796875 0.05078125
0 0.5888671875 0.556640625 0.0458984375 0.0322265625
0 0.7119140625 0.509765625 0.0234375 0.041015625
0 0.6767578125 0.64453125 0.041015625 0.0146484375
0 0.5166015625 0.3388671875 0.0234375 0.0224609375
0 0.494140625 0.3349609375 0.021484375 0.0244140625
0 0.2548828125 0.494140625 0.0361328125 0.0185546875
0 0.2314453125 0.5078125 0.0390625 0.0263671875
0 0.0126953125 0.5400390625 0.025390625 0.044921875
0 0.029296875 0.935546875 0.029296875 0.044921875
0 0.61328125 0.935546875 0.0458984375 0.0224609375
0 0.6513671875 0.90234375 0.0458984375 0.0322265625
0 0.7783203125 0.9853515625 0.0361328125 0.0234375
0 0.9814453125 0.01953125 0.033203125 0.0283203125
0 0.982421875 0.07421875 0.0283203125 0.0517578125
0 0.5576171875 0.1240234375 0.033203125 0.0322265625
0 0.4365234375 0.46875 0.041015625 0.0419921875
0 0.0478515625 0.0146484375 0.0361328125 0.0224609375
0 0.638671875 0.603515625 0.1171875 0.0556640625
0 0.654296875 0.517578125 0.072265625 0.0458984375
0 0.5498046875 0.41796875 0.0478515625 0.0419921875
0 0.5654296875 0.267578125 0.072265625 0.044921875
0 0.576171875 0.20703125 0.0771484375 0.0419921875
0 0.87109375 0.583984375 0.064453125 0.0458984375
0 0.7978515625 0.7109375 0.052734375 0.0478515625
0 0.8125 0.7822265625 0.04296875 0.0244140625
0 0.9375 0.8115234375 0.0361328125 0.0244140625
0 0.44921875 0.90625 0.0498046875 0.068359375
0 0.49609375 0.970703125 0.083984375 0.0341796875
0 0.1611328125 0.9150390625 0.072265625 0.0546875
0 0.138671875 0.9638671875 0.041015625 0.03125
0 0.263671875 0.751953125 0.0703125 0.068359375
0 0.314453125 0.39453125 0.0390625 0.060546875
0 0.23046875 0.2216796875 0.04296875 0.0478515625
0 0.0986328125 0.494140625 0.033203125 0.044921875
0 0.169921875 0.4482421875 0.0478515625 0.0458984375