0 0.9248046875 0.2451171875 0.0390625 0.0341796875
0 0.90625 0.296875 0.033203125 0.0478515625
0 0.810546875 0.2646484375 0.029296875 0.044921875
0 0.7373046875 0.2353515625 0.0458984375 0.0263671875
0 0.9052734375 0.150390625 0.0546875 0.03125
0 0.716796875 0.0556640625 0.029296875 0.0244140625
0 0.6064453125 0.025390625 0.0185546875 0.0458984375
0 0.5693359375 0.0234375 0.033203125 0.0244140625
0 0.560546875 0.041015625 0.0234375 0.0126953125
0 0.5185546875 0.1015625 0.0458984375 0.0341796875
0 0.625 0.166015625 0.0361328125 0.021484375
0 0.5615234375 0.2216796875 0.0341796875 0.0263671875
0 0.51953125 0.248046875 0.033203125 0.015625
0 0.3466796875 0.12109375 0.0341796875 0.0244140625
0 0.2939453125 0.0498046875 0.0390625 0.0322265625
0 0.2314453125 0.1259765625 0.041015625 0.0244140625
0 0.1279296875 0.021484375 0.064453125 0.04296875
0 0.044921875 0.04296875 0.041015625 0.0380859375
0 0.0791015625 0.5029296875 0.0390625 0.044921875
0 0.4453125 0.7802734375 0.0283203125 0.0283203125
0 0.3330078125 0.755859375 0.0546875 0.0517578125
0 0.8154296875 0.9345703125 0.029296875 0.0341796875
0 0.8251953125 0.6865234375 0.0654296875 0.0380859375
0 0.6533203125 0.4541015625 0.04296875 0.0322265625
0 0.8779296875 0.3720703125 0.041015625 0.0224609375
0 0.64453125 0.5126953125 0.072265625 0.0322265625
0 0.5341796875 0.361328125 0.0341796875 0.0244140625
0 0.5087890625 0.3466796875 0.0283203125 0.0185546875
0 0.7001953125 0.9091796875 0.033203125 0.0341796875
0 0.7109375 0.9599609375 0.0478515625 0.0244140625
0 0.7255859375 0.802734375 0.029296875 0.03125
0 0.333984375 0.236328125 0.029296875 0.0224609375
0 0.2978515625 0.3251953125 0.0234375 0.041015625
0 0.408203125 0.26953125 0.029296875 0.0283203125
0 0.9814453125 0.7451171875 0.033203125 0.0341796875
0 0.9140625 0.6005859375 0.0673828125 0.05859375
0 0.732421875 0.38671875 0.041015625 0.05859375
0 0.8359375 0.326171875 0.060546875 0.0380859375
0 0.3935546875 0.2431640625 0.052734375 0.041015625
0 0.4892578125 0.4873046875 0.041015625 0.064453125
0 0.541015625 0.4833984375 0.04296875 0.05859375
0 0.4658203125 0.37890625 0.064453125 0.0546875
0 0.3935546875 0.4248046875 0.052734375 0.0341796875
0 0.5927734375 0.8974609375 0.0478515625 0.0380859375
0 0.4833984375 0.2822265625 0.033203125 0.0517578125
0 0.0390625 0.3662109375 0.0341796875 0.0546875
0 0.17578125 0.2080078125 0.0390625 0.0341796875
0 0.931640625 0.8681640625 0.0546875 0.0283203125