0 0.8359375 0.095703125 0.0234375 0.0625
0 0.7626953125 0.1513671875 0.0244140625 0.033203125
0 0.525390625 0.1376953125 0.021484375 0.0458984375
0 0.1767578125 0.4033203125 0.02734375 0.0390625
0 0.044921875 0.1845703125 0.0634765625 0.0283203125
0 0.90625 0.201171875 0.021484375 0.041015625
0 0.9208984375 0.28515625 0.029296875 0.05078125
0 0.8681640625 0.3876953125 0.03125 0.0146484375
0 0.9443359375 0.412109375 0.029296875 0.0439453125
0 0.8828125 0.4970703125 0.017578125 0.0654296875
0 0.9150390625 0.515625 0.033203125 0.0341796875
0 0.7529296875 0.720703125 0.029296875 0.0390625
0 0.009765625 0.876953125 0.01953125 0.033203125
0 0.791015625 0.09375 0.04296875 0.0390625
0 0.982421875 0.1328125 0.02734375 0.0283203125
0 0.552734375 0.0400390625 0.021484375 0.0439453125
0 0.9775390625 0.8515625 0.04296875 0.0341796875
0 0.98046875 0.0751953125 0.037109375 0.052734375
0 0.8447265625 0.1748046875 0.041015625 0.0478515625
0 0.1533203125 0.3115234375 0.0341796875 0.0341796875