0 0.8232421875 0.8125 0.0244140625 0.0458984375
0 0.7080078125 0.744140625 0.0244140625 0.021484375
0 0.4658203125 0.849609375 0.0224609375 0.0546875
0 0.4404296875 0.7470703125 0.021484375 0.04296875
0 0.1259765625 0.3828125 0.0380859375 0.064453125
0 0.05859375 0.466796875 0.041015625 0.0458984375
0 0.9560546875 0.310546875 0.0380859375 0.0498046875
0 0.9755859375 0.1083984375 0.041015625 0.0361328125
0 0.7470703125 0.740234375 0.021484375 0.0234375
0 0.7451171875 0.701171875 0.0341796875 0.0283203125
0 0.7646484375 0.677734375 0.0341796875 0.0234375
0 0.5791015625 0.927734375 0.0146484375 0.0595703125
0 0.59375 0.9736328125 0.0341796875 0.029296875
0 0.048828125 0.9833984375 0.0283203125 0.029296875
0 0.892578125 0.9853515625 0.0185546875 0.0234375
0 0.8212890625 0.9794921875 0.0283203125 0.0341796875
0 0.6357421875 0.8359375 0.0341796875 0.0234375
0 0.625 0.8798828125 0.0244140625 0.033203125
0 0.646484375 0.912109375 0.0263671875 0.0341796875
0 0.666015625 0.9482421875 0.0244140625 0.0283203125
0 0.443359375 0.6787109375 0.0244140625 0.0185546875
0 0.4580078125 0.6640625 0.044921875 0.021484375
0 0.8828125 0.4912109375 0.021484375 0.0478515625
0 0.9443359375 0.5576171875 0.0419921875 0.029296875
0 0.19140625 0.0185546875 0.0390625 0.037109375
0 0.390625 0.978515625 0.0341796875 0.0361328125
0 0.529296875 0.765625 0.0419921875 0.0966796875
0 0.591796875 0.8564453125 0.0419921875 0.0546875
0 0.650390625 0.7373046875 0.060546875 0.064453125
0 0.603515625 0.69921875 0.0458984375 0.0390625
0 0.6005859375 0.6201171875 0.0380859375 0.029296875
0 0.841796875 0.638671875 0.0380859375 0.064453125
0 0.9345703125 0.6376953125 0.0615234375 0.0478515625
0 0.984375 0.5703125 0.0263671875 0.0283203125
0 0.388671875 0.64453125 0.064453125 0.0859375
0 0.279296875 0.6298828125 0.0419921875 0.0458984375
0 0.146484375 0.9248046875 0.0556640625 0.0595703125