0 0.822265625 0.18359375 0.0234375 0.0439453125
0 0.70703125 0.25 0.0234375 0.01953125
0 0.46484375 0.14453125 0.021484375 0.052734375
0 0.4404296875 0.2490234375 0.01953125 0.041015625
0 0.1259765625 0.6123046875 0.037109375 0.0625
0 0.0595703125 0.5283203125 0.0400390625 0.0439453125
0 0.95703125 0.6845703125 0.037109375 0.0478515625
0 0.9765625 0.8876953125 0.0400390625 0.0341796875
0 0.7470703125 0.255859375 0.01953125 0.021484375
0 0.744140625 0.29296875 0.033203125 0.0263671875
0 0.7646484375 0.318359375 0.033203125 0.021484375
0 0.580078125 0.068359375 0.013671875 0.0576171875
0 0.595703125 0.0224609375 0.0341796875 0.0283203125
0 0.048828125 0.0126953125 0.02734375 0.025390625
0 0.8935546875 0.0107421875 0.017578125 0.021484375
0 0.822265625 0.015625 0.02734375 0.03125
0 0.6376953125 0.16015625 0.0341796875 0.021484375
0 0.6240234375 0.1162109375 0.0234375 0.03125
0 0.6474609375 0.08203125 0.0244140625 0.033203125
0 0.6650390625 0.0458984375 0.0234375 0.0263671875
0 0.4423828125 0.3154296875 0.0234375 0.0166015625
0 0.45703125 0.3310546875 0.04296875 0.01953125
0 0.8837890625 0.5029296875 0.01953125 0.0458984375
0 0.943359375 0.4384765625 0.041015625 0.0283203125
0 0.193359375 0.9765625 0.037109375 0.0390625
0 0.390625 0.017578125 0.033203125 0.0341796875
0 0.529296875 0.228515625 0.041015625 0.095703125
0 0.5908203125 0.1376953125 0.041015625 0.052734375
0 0.6513671875 0.2568359375 0.0595703125 0.0625
0 0.603515625 0.296875 0.044921875 0.0380859375
0 0.6015625 0.3759765625 0.037109375 0.0283203125
0 0.8427734375 0.35546875 0.037109375 0.0625
0 0.93359375 0.3564453125 0.060546875 0.0458984375
0 0.9853515625 0.4248046875 0.0244140625 0.0263671875
0 0.3876953125 0.3486328125 0.0634765625 0.0859375
0 0.2802734375 0.3662109375 0.041015625 0.0439453125
0 0.1474609375 0.0712890625 0.0546875 0.0576171875