0 0.7626953125 0.697265625 0.021484375 0.052734375
0 0.8134765625 0.658203125 0.044921875 0.04296875
0 0.91015625 0.5419921875 0.0185546875 0.041015625
0 0.94140625 0.533203125 0.0341796875 0.0556640625
0 0.490234375 0.3984375 0.044921875 0.041015625
0 0.3779296875 0.3828125 0.0224609375 0.0341796875
0 0.384765625 0.2646484375 0.0322265625 0.0390625
0 0.1357421875 0.2861328125 0.0341796875 0.0234375
0 0.1240234375 0.2470703125 0.0263671875 0.009765625
0 0.13671875 0.2099609375 0.041015625 0.0283203125
0 0.083984375 0.2001953125 0.0283203125 0.0341796875
0 0.044921875 0.1923828125 0.03125 0.033203125
0 0.111328125 0.1953125 0.0224609375 0.0234375
0 0.1259765625 0.123046875 0.0244140625 0.0390625
0 0.033203125 0.0595703125 0.0244140625 0.060546875
0 0.3046875 0.2421875 0.0283203125 0.029296875
0 0.3251953125 0.224609375 0.0283203125 0.0185546875
0 0.3408203125 0.158203125 0.0283203125 0.0234375
0 0.2998046875 0.03515625 0.0283203125 0.0341796875
0 0.4052734375 0.0927734375 0.0478515625 0.0341796875
0 0.4423828125 0.080078125 0.0185546875 0.0185546875
0 0.498046875 0.0146484375 0.0458984375 0.029296875
0 0.564453125 0.1708984375 0.0322265625 0.0234375
0 0.0146484375 0.54296875 0.0283203125 0.033203125
0 0.0791015625 0.849609375 0.0341796875 0.0478515625
0 0.35546875 0.9296875 0.0419921875 0.0283203125
0 0.4248046875 0.8857421875 0.0322265625 0.060546875
0 0.6630859375 0.7568359375 0.0341796875 0.029296875
0 0.46875 0.6982421875 0.0283203125 0.0244140625
0 0.9033203125 0.7470703125 0.0263671875 0.0234375
0 0.96875 0.7412109375 0.015625 0.0283203125
0 0.931640625 0.7177734375 0.0244140625 0.041015625
0 0.939453125 0.69921875 0.0341796875 0.0234375
0 0.9755859375 0.630859375 0.0185546875 0.0244140625
0 0.6875 0.958984375 0.03125 0.04296875
0 0.041015625 0.8466796875 0.0263671875 0.029296875
0 0.9248046875 0.376953125 0.0380859375 0.0234375
0 0.34375 0.4345703125 0.0283203125 0.0390625
0 0.1513671875 0.7724609375 0.0283203125 0.041015625
0 0.0751953125 0.029296875 0.03125 0.029296875
0 0.6904296875 0.5615234375 0.0244140625 0.0341796875
0 0.181640625 0.580078125 0.0322265625 0.021484375
0 0.8154296875 0.5888671875 0.078125 0.0498046875
0 0.41015625 0.3984375 0.041015625 0.0498046875
0 0.25 0.4345703125 0.0546875 0.0859375
0 0.310546875 0.41796875 0.0341796875 0.029296875
0 0.2978515625 0.5009765625 0.0419921875 0.0283203125
0 0.3203125 0.32421875 0.0380859375 0.052734375
0 0.041015625 0.251953125 0.0263671875 0.04296875
0 0.509765625 0.16015625 0.078125 0.126953125
0 0.966796875 0.28515625 0.060546875 0.0908203125
0 0.8828125 0.3310546875 0.0380859375 0.0546875
0 0.5888671875 0.44921875 0.0419921875 0.0458984375
0 0.4541015625 0.0361328125 0.064453125 0.0595703125
0 0.4306640625 0.802734375 0.0341796875 0.052734375
0 0.3134765625 0.744140625 0.0380859375 0.060546875
0 0.1533203125 0.8232421875 0.0458984375 0.060546875
0 0.103515625 0.6474609375 0.0703125 0.07421875
0 0.1416015625 0.740234375 0.041015625 0.029296875
0 0.6513671875 0.9736328125 0.0224609375 0.0458984375
0 0.6396484375 0.314453125 0.0380859375 0.04296875
0 0.6513671875 0.119140625 0.0322265625 0.041015625
0 0.625 0.0283203125 0.0419921875 0.0556640625
0 0.0771484375 0.06640625 0.0517578125 0.064453125
0 0.416015625 0.1787109375 0.0546875 0.0244140625