0 0.4990234375 0.2470703125 0.0283203125 0.0341796875
0 0.3828125 0.537109375 0.041015625 0.0244140625
0 0.193359375 0.453125 0.0478515625 0.0322265625
0 0.0869140625 0.455078125 0.0390625 0.0341796875
0 0.3564453125 0.671875 0.041015625 0.0341796875
0 0.5751953125 0.64453125 0.0341796875 0.0322265625
0 0.5859375 0.7470703125 0.0341796875 0.0146484375
0 0.5947265625 0.767578125 0.0341796875 0.0263671875
0 0.8115234375 0.646484375 0.0244140625 0.0380859375
0 0.3046875 0.484375 0.060546875 0.044921875
0 0.2822265625 0.5029296875 0.0546875 0.0380859375
0 0.6748046875 0.9306640625 0.0341796875 0.064453125
0 0.859375 0.7861328125 0.0283203125 0.0341796875
0 0.8779296875 0.6796875 0.04296875 0.0283203125
0 0.482421875 0.669921875 0.021484375 0.03125
0 0.6005859375 0.4228515625 0.0166015625 0.0458984375
0 0.7421875 0.90625 0.0478515625 0.0546875
0 0.9267578125 0.96875 0.041015625 0.0546875
0 0.857421875 0.5517578125 0.064453125 0.044921875
0 0.9052734375 0.4755859375 0.0546875 0.041015625
0 0.8681640625 0.3486328125 0.0458984375 0.0546875
0 0.4453125 0.669921875 0.0703125 0.0546875
0 0.1435546875 0.681640625 0.0546875 0.0341796875
0 0.2490234375 0.431640625 0.0341796875 0.0322265625
0 0.2734375 0.1796875 0.0341796875 0.0478515625