0 0.24609375 0.0732421875 0.0341796875 0.0380859375
0 0.296875 0.0908203125 0.046875 0.03125
0 0.2646484375 0.1865234375 0.04296875 0.0283203125
0 0.236328125 0.2607421875 0.0244140625 0.0439453125
0 0.1513671875 0.0908203125 0.029296875 0.052734375
0 0.0546875 0.2802734375 0.0234375 0.0283203125
0 0.0263671875 0.3896484375 0.044921875 0.0166015625
0 0.0224609375 0.4287109375 0.0234375 0.03125
0 0.0400390625 0.4365234375 0.0107421875 0.021484375
0 0.1005859375 0.4794921875 0.033203125 0.0439453125
0 0.1669921875 0.3720703125 0.01953125 0.0341796875
0 0.22265625 0.4345703125 0.0244140625 0.033203125
0 0.2490234375 0.4775390625 0.0146484375 0.03125
0 0.12109375 0.6494140625 0.0234375 0.033203125
0 0.048828125 0.703125 0.03125 0.0380859375
0 0.1259765625 0.7646484375 0.0234375 0.0390625
0 0.021484375 0.8681640625 0.0419921875 0.0625
0 0.04296875 0.9501953125 0.037109375 0.0390625
0 0.501953125 0.9189453125 0.04296875 0.0380859375
0 0.78125 0.55078125 0.02734375 0.0263671875
0 0.755859375 0.6630859375 0.05078125 0.052734375
0 0.93359375 0.181640625 0.033203125 0.0283203125
0 0.6865234375 0.171875 0.037109375 0.064453125
0 0.453125 0.3447265625 0.03125 0.041015625
0 0.3720703125 0.1181640625 0.021484375 0.0390625
0 0.51171875 0.3525390625 0.03125 0.0703125
0 0.3603515625 0.4619140625 0.0234375 0.033203125
0 0.34765625 0.4873046875 0.017578125 0.0263671875
0 0.9091796875 0.296875 0.033203125 0.03125
0 0.9599609375 0.2841796875 0.0234375 0.0458984375
0 0.802734375 0.2724609375 0.029296875 0.0283203125
0 0.2353515625 0.6640625 0.021484375 0.0283203125
0 0.3251953125 0.7001953125 0.0400390625 0.021484375
0 0.26953125 0.587890625 0.02734375 0.0283203125
0 0.744140625 0.015625 0.033203125 0.03125
0 0.6015625 0.08203125 0.056640625 0.0654296875
0 0.3876953125 0.2626953125 0.056640625 0.0390625
0 0.3271484375 0.1591796875 0.037109375 0.0595703125
0 0.244140625 0.6044921875 0.0400390625 0.05078125
0 0.4873046875 0.5068359375 0.0634765625 0.0390625
0 0.484375 0.4560546875 0.056640625 0.041015625
0 0.3779296875 0.529296875 0.052734375 0.0625
0 0.423828125 0.6044921875 0.033203125 0.05078125
0 0.8984375 0.4033203125 0.037109375 0.0458984375
0 0.283203125 0.513671875 0.05078125 0.03125
0 0.365234375 0.95703125 0.052734375 0.033203125
0 0.20703125 0.8212890625 0.033203125 0.0380859375
0 0.869140625 0.064453125 0.02734375 0.052734375