0 0.8369140625 0.8984375 0.0244140625 0.064453125
0 0.76171875 0.8427734375 0.0263671875 0.0341796875
0 0.5263671875 0.8564453125 0.0224609375 0.0478515625
0 0.1767578125 0.5908203125 0.0283203125 0.041015625
0 0.0458984375 0.810546875 0.064453125 0.029296875
0 0.9072265625 0.7939453125 0.0224609375 0.04296875
0 0.919921875 0.7109375 0.03125 0.052734375
0 0.869140625 0.6083984375 0.0322265625 0.0166015625
0 0.943359375 0.583984375 0.03125 0.0458984375
0 0.8818359375 0.4970703125 0.0185546875 0.0673828125
0 0.916015625 0.48046875 0.0341796875 0.0361328125
0 0.751953125 0.2734375 0.03125 0.041015625
0 0.0107421875 0.1171875 0.021484375 0.0341796875
0 0.7919921875 0.900390625 0.044921875 0.041015625
0 0.982421875 0.86328125 0.0283203125 0.029296875
0 0.552734375 0.9560546875 0.0224609375 0.0458984375
0 0.9755859375 0.14453125 0.04296875 0.0361328125
0 0.98046875 0.9189453125 0.037109375 0.0546875
0 0.845703125 0.8193359375 0.0419921875 0.0498046875
0 0.15234375 0.6845703125 0.0341796875 0.0361328125