0 0.79296875 0.96875 0.029296875 0.0380859375
0 0.9208984375 0.859375 0.033203125 0.0322265625
0 0.8642578125 0.5888671875 0.0703125 0.0146484375
0 0.8310546875 0.455078125 0.0458984375 0.0341796875
0 0.8671875 0.4013671875 0.041015625 0.0224609375
0 0.9404296875 0.3857421875 0.04296875 0.015625
0 0.9619140625 0.126953125 0.029296875 0.041015625
0 0.8818359375 0.04296875 0.033203125 0.03125
0 0.77734375 0.220703125 0.0283203125 0.0322265625
0 0.716796875 0.2080078125 0.029296875 0.0322265625
0 0.8466796875 0.1884765625 0.04296875 0.0244140625
0 0.5185546875 0.0849609375 0.04296875 0.0224609375
0 0.4287109375 0.0224609375 0.029296875 0.044921875
0 0.443359375 0.0908203125 0.0185546875 0.0341796875
0 0.5009765625 0.166015625 0.041015625 0.0341796875
0 0.4248046875 0.228515625 0.0283203125 0.0322265625
0 0.3984375 0.1943359375 0.0556640625 0.0224609375
0 0.27734375 0.076171875 0.0341796875 0.0185546875
0 0.2109375 0.0263671875 0.041015625 0.0224609375
0 0.1943359375 0.14453125 0.029296875 0.0341796875
0 0.236328125 0.2041015625 0.0341796875 0.0419921875
0 0.416015625 0.3046875 0.04296875 0.03125
0 0.3935546875 0.4033203125 0.041015625 0.0556640625
0 0.4072265625 0.5927734375 0.060546875 0.0322265625
0 0.3642578125 0.544921875 0.041015625 0.021484375
0 0.5322265625 0.5419921875 0.0283203125 0.0244140625
0 0.5068359375 0.677734375 0.0458984375 0.03125
0 0.6748046875 0.671875 0.033203125 0.0283203125
0 0.0927734375 0.7080078125 0.0478515625 0.0224609375
0 0.0234375 0.705078125 0.04296875 0.0263671875
0 0.2177734375 0.7041015625 0.0546875 0.0224609375
0 0.654296875 0.9775390625 0.033203125 0.0419921875
0 0.548828125 0.9697265625 0.0341796875 0.021484375
0 0.548828125 0.9443359375 0.0244140625 0.0244140625
0 0.54296875 0.8154296875 0.0556640625 0.0244140625
0 0.8740234375 0.6728515625 0.0341796875 0.0263671875
0 0.9189453125 0.677734375 0.029296875 0.0224609375
0 0.9873046875 0.6904296875 0.0234375 0.021484375
0 0.9296875 0.7578125 0.0185546875 0.0322265625
0 0.982421875 0.0166015625 0.0283203125 0.033203125
0 0.9248046875 0.0283203125 0.0390625 0.015625
0 0.1142578125 0.1904296875 0.0341796875 0.041015625
0 0.0234375 0.396484375 0.04296875 0.0380859375
0 0.197265625 0.9150390625 0.029296875 0.044921875
0 0.0966796875 0.92578125 0.0654296875 0.0341796875
0 0.3984375 0.9599609375 0.0234375 0.044921875
0 0.3759765625 0.7822265625 0.0341796875 0.0546875
0 0.7666015625 0.1103515625 0.04296875 0.0380859375
0 0.837890625 0.7490234375 0.0546875 0.0380859375
0 0.7373046875 0.62890625 0.0556640625 0.0419921875
0 0.55859375 0.3154296875 0.041015625 0.05859375
0 0.353515625 0.234375 0.0859375 0.0517578125
0 0.3515625 0.1044921875 0.060546875 0.0478515625
0 0.26953125 0.484375 0.052734375 0.0478515625
0 0.2392578125 0.765625 0.07421875 0.0478515625
0 0.2353515625 0.791015625 0.029296875 0.0419921875
0 0.193359375 0.7978515625 0.0341796875 0.0703125
0 0.15234375 0.76953125 0.0478515625 0.0517578125
0 0.1171875 0.8291015625 0.0361328125 0.0341796875
0 0.0947265625 0.767578125 0.060546875 0.0517578125
0 0.1708984375 0.9521484375 0.0361328125 0.041015625
0 0.3251953125 0.935546875 0.0546875 0.0419921875
0 0.287109375 0.8876953125 0.0673828125 0.03125
0 0.3994140625 0.890625 0.0361328125 0.0458984375
0 0.4541015625 0.962890625 0.0654296875 0.064453125
0 0.375 0.6826171875 0.0390625 0.0478515625
0 0.205078125 0.6650390625 0.07421875 0.044921875
0 0.1142578125 0.419921875 0.0283203125 0.0380859375
0 0.0556640625 0.35546875 0.052734375 0.0283203125
0 0.091796875 0.1142578125 0.0556640625 0.0283203125
0 0.0400390625 0.1337890625 0.041015625 0.0341796875
0 0.9765625 0.5693359375 0.041015625 0.0341796875
0 0.9609375 0.4267578125 0.0556640625 0.0380859375
0 0.9296875 0.720703125 0.0498046875 0.0322265625
0 0.96875 0.767578125 0.029296875 0.0546875
0 0.9228515625 0.2431640625 0.0654296875 0.0283203125
0 0.5185546875 0.6005859375 0.0498046875 0.0341796875