0 0.2470703125 0.4970703125 0.0341796875 0.0283203125
0 0.537109375 0.380859375 0.0244140625 0.041015625
0 0.453125 0.19140625 0.0322265625 0.0478515625
0 0.455078125 0.083984375 0.0341796875 0.0390625
0 0.671875 0.3544921875 0.0341796875 0.041015625
0 0.64453125 0.5732421875 0.0322265625 0.0341796875
0 0.7470703125 0.5849609375 0.0146484375 0.0341796875
0 0.767578125 0.5927734375 0.0263671875 0.0341796875
0 0.646484375 0.8095703125 0.0380859375 0.0244140625
0 0.484375 0.3037109375 0.044921875 0.060546875
0 0.5029296875 0.2802734375 0.0380859375 0.0546875
0 0.9306640625 0.673828125 0.064453125 0.0341796875
0 0.7861328125 0.857421875 0.0341796875 0.0283203125
0 0.6796875 0.876953125 0.0283203125 0.04296875
0 0.669921875 0.4814453125 0.03125 0.021484375
0 0.4228515625 0.5986328125 0.0458984375 0.0166015625
0 0.90625 0.7412109375 0.0546875 0.0478515625
0 0.96875 0.9248046875 0.0546875 0.041015625
0 0.5517578125 0.8564453125 0.044921875 0.064453125
0 0.4755859375 0.9033203125 0.041015625 0.0546875
0 0.3486328125 0.8671875 0.0546875 0.0458984375
0 0.669921875 0.443359375 0.0546875 0.0703125
0 0.681640625 0.142578125 0.0341796875 0.0546875
0 0.431640625 0.2470703125 0.0322265625 0.0341796875
0 0.1796875 0.2724609375 0.0478515625 0.0341796875