0 0.1103515625 0.8486328125 0.021484375 0.029296875
0 0.0400390625 0.6630859375 0.0546875 0.029296875
0 0.302734375 0.7177734375 0.0224609375 0.0341796875
0 0.3115234375 0.69140625 0.0283203125 0.0244140625
0 0.359375 0.69140625 0.0244140625 0.0283203125
0 0.2119140625 0.330078125 0.0283203125 0.0283203125
0 0.1904296875 0.1904296875 0.044921875 0.029296875
0 0.078125 0.2373046875 0.0224609375 0.0341796875
0 0.029296875 0.12890625 0.05859375 0.0478515625
0 0.4892578125 0.3095703125 0.0322265625 0.0390625
0 0.49609375 0.1396484375 0.0419921875 0.0234375
0 0.5517578125 0.18359375 0.041015625 0.0244140625
0 0.8623046875 0.6064453125 0.0419921875 0.0283203125
0 0.65625 0.853515625 0.0283203125 0.0458984375
0 0.7197265625 0.8564453125 0.0283203125 0.0478515625
0 0.7666015625 0.9560546875 0.0283203125 0.0341796875
0 0.48046875 0.7880859375 0.0546875 0.0361328125
0 0.3759765625 0.75390625 0.0380859375 0.0244140625
0 0.4638671875 0.54296875 0.0244140625 0.052734375
0 0.5712890625 0.505859375 0.05078125 0.0341796875
0 0.556640625 0.5869140625 0.0322265625 0.0458984375
0 0.509765625 0.7109375 0.041015625 0.0234375
0 0.64453125 0.6748046875 0.0146484375 0.041015625
0 0.3388671875 0.5146484375 0.0224609375 0.0234375
0 0.3349609375 0.4921875 0.0244140625 0.021484375
0 0.494140625 0.251953125 0.0185546875 0.0361328125
0 0.5078125 0.23046875 0.0263671875 0.0390625
0 0.5400390625 0.0126953125 0.044921875 0.0244140625
0 0.935546875 0.0283203125 0.044921875 0.029296875
0 0.935546875 0.6123046875 0.0224609375 0.0458984375
0 0.90234375 0.6494140625 0.0322265625 0.0458984375
0 0.9853515625 0.7763671875 0.0234375 0.0361328125
0 0.01953125 0.9794921875 0.0283203125 0.0341796875
0 0.07421875 0.9833984375 0.0517578125 0.029296875
0 0.1240234375 0.5556640625 0.0322265625 0.033203125
0 0.46875 0.4345703125 0.0419921875 0.041015625
0 0.0146484375 0.0458984375 0.0224609375 0.0361328125
0 0.603515625 0.6376953125 0.0556640625 0.1171875
0 0.517578125 0.6533203125 0.0458984375 0.072265625
0 0.41796875 0.548828125 0.0419921875 0.0478515625
0 0.267578125 0.564453125 0.044921875 0.072265625
0 0.20703125 0.5751953125 0.0419921875 0.0771484375
0 0.583984375 0.869140625 0.0458984375 0.064453125
0 0.7109375 0.7958984375 0.0478515625 0.052734375
0 0.7822265625 0.810546875 0.0244140625 0.04296875
0 0.8115234375 0.935546875 0.0244140625 0.0361328125
0 0.90625 0.447265625 0.068359375 0.0498046875
0 0.970703125 0.494140625 0.0341796875 0.083984375
0 0.9150390625 0.1591796875 0.0546875 0.072265625
0 0.9638671875 0.1376953125 0.03125 0.041015625
0 0.751953125 0.2626953125 0.068359375 0.0703125
0 0.39453125 0.3125 0.060546875 0.0390625
0 0.2216796875 0.228515625 0.0478515625 0.04296875
0 0.494140625 0.0966796875 0.044921875 0.033203125
0 0.4482421875 0.1689453125 0.0458984375 0.0478515625