0 0.111328125 0.1474609375 0.01953125 0.0283203125
0 0.0390625 0.3310546875 0.052734375 0.0283203125
0 0.302734375 0.2763671875 0.021484375 0.033203125
0 0.3115234375 0.302734375 0.02734375 0.0234375
0 0.3583984375 0.302734375 0.0234375 0.0263671875
0 0.212890625 0.6640625 0.02734375 0.0263671875
0 0.1904296875 0.8046875 0.04296875 0.0283203125
0 0.0771484375 0.7568359375 0.021484375 0.033203125
0 0.029296875 0.865234375 0.056640625 0.0458984375
0 0.48828125 0.6865234375 0.03125 0.0380859375
0 0.49609375 0.8544921875 0.041015625 0.021484375
0 0.5517578125 0.810546875 0.0400390625 0.0234375
0 0.8623046875 0.3876953125 0.041015625 0.0263671875
0 0.6572265625 0.142578125 0.02734375 0.0439453125
0 0.720703125 0.1376953125 0.02734375 0.0458984375
0 0.767578125 0.0380859375 0.02734375 0.033203125
0 0.4794921875 0.2060546875 0.052734375 0.0341796875
0 0.3759765625 0.240234375 0.037109375 0.0234375
0 0.4638671875 0.453125 0.0234375 0.05078125
0 0.572265625 0.48828125 0.0498046875 0.033203125
0 0.556640625 0.4091796875 0.03125 0.0439453125
0 0.509765625 0.28515625 0.0400390625 0.021484375
0 0.64453125 0.3193359375 0.013671875 0.0390625
0 0.3388671875 0.4814453125 0.021484375 0.021484375
0 0.3349609375 0.501953125 0.0234375 0.01953125
0 0.4951171875 0.7421875 0.017578125 0.0341796875
0 0.5087890625 0.765625 0.0244140625 0.0380859375
0 0.5390625 0.984375 0.04296875 0.0283203125
0 0.9345703125 0.9677734375 0.04296875 0.0283203125
0 0.9345703125 0.3837890625 0.021484375 0.0439453125
0 0.9013671875 0.3466796875 0.03125 0.0439453125
0 0.9873046875 0.2197265625 0.0234375 0.0341796875
0 0.01953125 0.015625 0.02734375 0.03125
0 0.072265625 0.0126953125 0.05078125 0.025390625
0 0.123046875 0.4404296875 0.03125 0.03125
0 0.46875 0.5595703125 0.041015625 0.0390625
0 0.0146484375 0.9501953125 0.021484375 0.0341796875
0 0.603515625 0.3564453125 0.0546875 0.115234375
0 0.5185546875 0.3427734375 0.044921875 0.0703125
0 0.41796875 0.4453125 0.041015625 0.0458984375
0 0.2666015625 0.431640625 0.04296875 0.0703125
0 0.2060546875 0.4189453125 0.041015625 0.0751953125
0 0.583984375 0.125 0.044921875 0.0625
0 0.7119140625 0.2001953125 0.046875 0.05078125
0 0.78125 0.1845703125 0.0234375 0.041015625
0 0.8115234375 0.0595703125 0.0234375 0.0341796875
0 0.9072265625 0.548828125 0.06640625 0.0478515625
0 0.9697265625 0.5 0.033203125 0.08203125
0 0.9140625 0.8359375 0.052734375 0.0703125
0 0.9638671875 0.8564453125 0.029296875 0.0390625
0 0.7529296875 0.7314453125 0.06640625 0.0693359375
0 0.39453125 0.68359375 0.0595703125 0.0380859375
0 0.22265625 0.767578125 0.046875 0.041015625
0 0.4931640625 0.8984375 0.04296875 0.03125
0 0.44921875 0.8251953125 0.044921875 0.0458984375