0 0.21875 0.0810546875 0.017578125 0.033203125
0 0.2431640625 0.1064453125 0.0234375 0.0458984375
0 0.080078125 0.1220703125 0.0234375 0.021484375
0 0.0849609375 0.1669921875 0.033203125 0.03125
0 0.05859375 0.2138671875 0.01953125 0.0458984375
0 0.0380859375 0.1806640625 0.0107421875 0.033203125
0 0.01953125 0.099609375 0.03125 0.041015625
0 0.1611328125 0.3251953125 0.02734375 0.0263671875
0 0.115234375 0.3095703125 0.01953125 0.0439453125
0 0.2197265625 0.541015625 0.0234375 0.033203125
0 0.302734375 0.1494140625 0.033203125 0.0390625
0 0.515625 0.03515625 0.033203125 0.0546875
0 0.5986328125 0.1123046875 0.029296875 0.033203125
0 0.818359375 0.037109375 0.033203125 0.0283203125
0 0.83203125 0.166015625 0.046875 0.0234375
0 0.615234375 0.3896484375 0.046875 0.033203125
0 0.630859375 0.580078125 0.037109375 0.0283203125
0 0.6220703125 0.6279296875 0.03125 0.052734375
0 0.8515625 0.7998046875 0.02734375 0.041015625
0 0.4638671875 0.8232421875 0.033203125 0.021484375
0 0.240234375 0.9287109375 0.0400390625 0.0380859375
0 0.2822265625 0.4248046875 0.0244140625 0.0341796875
0 0.068359375 0.984375 0.0341796875 0.0283203125
0 0.244140625 0.6279296875 0.033203125 0.0390625
0 0.8486328125 0.2685546875 0.0234375 0.0966796875
0 0.806640625 0.421875 0.04296875 0.0576171875
0 0.7294921875 0.44140625 0.033203125 0.03125
0 0.642578125 0.4404296875 0.0498046875 0.064453125
0 0.4853515625 0.486328125 0.037109375 0.0439453125
0 0.384765625 0.4501953125 0.04296875 0.0458984375
0 0.376953125 0.39453125 0.041015625 0.0625
0 0.373046875 0.2998046875 0.03125 0.041015625
0 0.4892578125 0.11328125 0.05078125 0.0595703125
0 0.4599609375 0.1533203125 0.046875 0.0693359375
0 0.55078125 0.1435546875 0.037109375 0.0341796875
0 0.6865234375 0.0751953125 0.0634765625 0.0576171875
0 0.966796875 0.224609375 0.041015625 0.064453125
0 0.87890625 0.677734375 0.041015625 0.0390625
0 0.81640625 0.7314453125 0.04296875 0.0908203125
0 0.9638671875 0.6484375 0.029296875 0.0478515625
0 0.640625 0.8935546875 0.052734375 0.0625
0 0.7216796875 0.923828125 0.0927734375 0.041015625
0 0.5478515625 0.84765625 0.0634765625 0.0380859375
0 0.5419921875 0.8935546875 0.046875 0.0341796875
0 0.9658203125 0.9609375 0.052734375 0.0283203125