0 0.8046875 0.4638671875 0.0341796875 0.05859375
0 0.9248046875 0.3251953125 0.0361328125 0.0478515625
0 0.9697265625 0.23046875 0.0341796875 0.0341796875
0 0.8515625 0.1123046875 0.0146484375 0.0341796875
0 0.810546875 0.11328125 0.04296875 0.0185546875
0 0.7490234375 0.3212890625 0.041015625 0.0380859375
0 0.7109375 0.4111328125 0.0244140625 0.0244140625
0 0.650390625 0.3466796875 0.0341796875 0.0283203125
0 0.8271484375 0.625 0.0361328125 0.0224609375
0 0.6796875 0.5771484375 0.0595703125 0.0263671875
0 0.5810546875 0.5908203125 0.041015625 0.0458984375
0 0.4931640625 0.6142578125 0.033203125 0.0341796875
0 0.6064453125 0.7138671875 0.033203125 0.0146484375
0 0.6484375 0.6826171875 0.0478515625 0.0380859375
0 0.638671875 0.7373046875 0.0341796875 0.0380859375
0 0.6904296875 0.7177734375 0.0234375 0.0341796875
0 0.583984375 0.720703125 0.029296875 0.0283203125
0 0.6328125 0.935546875 0.0283203125 0.0224609375
0 0.5263671875 0.9443359375 0.033203125 0.0322265625
0 0.2939453125 0.8720703125 0.0361328125 0.021484375
0 0.2197265625 0.818359375 0.0546875 0.0244140625
0 0.3203125 0.69140625 0.041015625 0.0224609375
0 0.2734375 0.6767578125 0.029296875 0.0322265625
0 0.1953125 0.4599609375 0.0478515625 0.0283203125
0 0.2294921875 0.3310546875 0.0244140625 0.0185546875
0 0.3935546875 0.4365234375 0.029296875 0.0341796875
0 0.529296875 0.16796875 0.029296875 0.0322265625
0 0.3671875 0.029296875 0.0458984375 0.0322265625
0 0.1181640625 0.01171875 0.0390625 0.0185546875
0 0.0185546875 0.1904296875 0.0234375 0.0322265625
0 0.1455078125 0.6767578125 0.0341796875 0.0185546875
0 0.099609375 0.6904296875 0.041015625 0.0107421875
0 0.0234375 0.794921875 0.041015625 0.0263671875
0 0.18359375 0.7197265625 0.041015625 0.0380859375
0 0.06640625 0.9404296875 0.0244140625 0.044921875
0 0.15234375 0.85546875 0.0283203125 0.0322265625
0 0.3359375 0.892578125 0.0234375 0.0380859375
0 0.75 0.625 0.033203125 0.0341796875
0 0.830078125 0.705078125 0.123046875 0.09375
0 0.7177734375 0.8271484375 0.0810546875 0.0458984375
0 0.66796875 0.9560546875 0.033203125 0.0458984375
0 0.4580078125 0.5107421875 0.0478515625 0.0419921875
0 0.4111328125 0.5400390625 0.0556640625 0.0322265625
0 0.3125 0.544921875 0.072265625 0.0478515625
0 0.294921875 0.328125 0.0771484375 0.041015625
0 0.255859375 0.2236328125 0.060546875 0.0244140625
0 0.4501953125 0.2060546875 0.052734375 0.05078125
0 0.52734375 0.2236328125 0.041015625 0.0341796875
0 0.3896484375 0.0654296875 0.0556640625 0.0341796875
0 0.1748046875 0.0107421875 0.0595703125 0.021484375
0 0.095703125 0.3251953125 0.033203125 0.0556640625
0 0.0234375 0.05859375 0.0458984375 0.05859375
0 0.3466796875 0.1279296875 0.0478515625 0.0517578125
0 0.07421875 0.7294921875 0.0556640625 0.0380859375
0 0.107421875 0.65234375 0.0478515625 0.0419921875
0 0.1015625 0.9267578125 0.041015625 0.0419921875
0 0.9873046875 0.6552734375 0.0234375 0.0263671875