0 0.57421875 0.693359375 0.0341796875 0.0341796875
0 0.568359375 0.60546875 0.0224609375 0.072265625
0 0.53125 0.490234375 0.0341796875 0.0361328125
0 0.2998046875 0.41796875 0.0341796875 0.029296875
0 0.2421875 0.4921875 0.0283203125 0.0390625
0 0.2353515625 0.5615234375 0.0263671875 0.0341796875
0 0.298828125 0.5849609375 0.0380859375 0.0244140625
0 0.34375 0.54296875 0.015625 0.0458984375
0 0.1376953125 0.66796875 0.0419921875 0.0234375
0 0.0458984375 0.546875 0.0244140625 0.0478515625
0 0.2158203125 0.7431640625 0.0458984375 0.0458984375
0 0.0244140625 0.85546875 0.0458984375 0.033203125
0 0.015625 0.9599609375 0.03125 0.0244140625
0 0.521484375 0.8740234375 0.0341796875 0.041015625
0 0.6728515625 0.7431640625 0.0263671875 0.0458984375
0 0.75 0.69140625 0.0546875 0.0478515625
0 0.95703125 0.75390625 0.0341796875 0.0478515625
0 0.8154296875 0.78125 0.05078125 0.0390625
0 0.7060546875 0.783203125 0.0380859375 0.0498046875
0 0.7958984375 0.44921875 0.0244140625 0.029296875
0 0.759765625 0.44921875 0.0322265625 0.0234375
0 0.91015625 0.529296875 0.0458984375 0.033203125
0 0.69140625 0.318359375 0.0322265625 0.0283203125
0 0.5810546875 0.3671875 0.0283203125 0.033203125
0 0.265625 0.25390625 0.03125 0.0478515625
0 0.2001953125 0.1796875 0.021484375 0.0458984375
0 0.0400390625 0.2685546875 0.0546875 0.0341796875
0 0.01171875 0.0791015625 0.0234375 0.0458984375
0 0.79296875 0.1015625 0.0322265625 0.0498046875
0 0.6884765625 0.0634765625 0.0458984375 0.0341796875
0 0.916015625 0.04296875 0.0546875 0.033203125
0 0.8525390625 0.130859375 0.0146484375 0.0341796875
0 0.529296875 0.6416015625 0.041015625 0.033203125
0 0.357421875 0.4970703125 0.03125 0.029296875
0 0.9638671875 0.88671875 0.0419921875 0.0595703125
0 0.8740234375 0.8447265625 0.0322265625 0.0908203125
0 0.79296875 0.56640625 0.0341796875 0.060546875
0 0.6865234375 0.9716796875 0.05859375 0.0498046875
0 0.431640625 0.876953125 0.0341796875 0.0654296875
0 0.2880859375 0.8935546875 0.0419921875 0.0546875
0 0.216796875 0.9482421875 0.0615234375 0.0673828125
0 0.2255859375 0.66796875 0.0263671875 0.052734375
0 0.279296875 0.66796875 0.0380859375 0.052734375
0 0.376953125 0.5908203125 0.041015625 0.0546875
0 0.4296875 0.6240234375 0.05078125 0.041015625
0 0.5478515625 0.396484375 0.0283203125 0.0859375
0 0.62109375 0.4140625 0.0283203125 0.0654296875
0 0.5517578125 0.287109375 0.0419921875 0.0283203125
0 0.896484375 0.3486328125 0.0283203125 0.0654296875
0 0.921875 0.3427734375 0.0341796875 0.0546875
0 0.7861328125 0.2685546875 0.044921875 0.0341796875
0 0.853515625 0.1904296875 0.05859375 0.0791015625
0 0.609375 0.205078125 0.0517578125 0.0478515625
0 0.33203125 0.140625 0.0517578125 0.0546875
0 0.8603515625 0.958984375 0.0283203125 0.072265625