0 0.958984375 0.7607421875 0.0322265625 0.064453125
0 0.6640625 0.693359375 0.0703125 0.041015625
0 0.5146484375 0.6201171875 0.0380859375 0.0234375
0 0.533203125 0.4970703125 0.0419921875 0.0498046875
0 0.60546875 0.5810546875 0.0341796875 0.033203125
0 0.6396484375 0.5927734375 0.0380859375 0.041015625
0 0.896484375 0.3349609375 0.05078125 0.0283203125
0 0.953125 0.4599609375 0.0341796875 0.0244140625
0 0.7392578125 0.1982421875 0.03125 0.0341796875
0 0.646484375 0.177734375 0.015625 0.0361328125
0 0.5810546875 0.244140625 0.03125 0.0341796875
0 0.6083984375 0.119140625 0.0185546875 0.0341796875
0 0.26953125 0.19140625 0.0224609375 0.0341796875
0 0.1005859375 0.5634765625 0.0185546875 0.041015625
0 0.1904296875 0.9560546875 0.0244140625 0.0166015625
0 0.2744140625 0.6787109375 0.0380859375 0.041015625
0 0.4404296875 0.8095703125 0.0224609375 0.0478515625
0 0.4892578125 0.900390625 0.021484375 0.0341796875
0 0.423828125 0.966796875 0.03125 0.0458984375
0 0.80859375 0.1953125 0.021484375 0.04296875
0 0.283203125 0.5009765625 0.0341796875 0.0478515625
0 0.1650390625 0.5087890625 0.0224609375 0.0546875
0 0.126953125 0.7568359375 0.0380859375 0.0458984375
0 0.0107421875 0.3486328125 0.021484375 0.041015625
0 0.4482421875 0.572265625 0.0263671875 0.0498046875
0 0.908203125 0.0244140625 0.021484375 0.033203125
0 0.841796875 0.966796875 0.044921875 0.0556640625
0 0.990234375 0.9833984375 0.0126953125 0.029296875
0 0.775390625 0.4345703125 0.0380859375 0.0478515625
0 0.8134765625 0.474609375 0.0341796875 0.0341796875
0 0.9755859375 0.2109375 0.0380859375 0.0458984375
0 0.705078125 0.193359375 0.0341796875 0.064453125
0 0.5341796875 0.1533203125 0.0546875 0.0478515625
0 0.4833984375 0.0546875 0.060546875 0.0478515625
0 0.208984375 0.224609375 0.0283203125 0.0546875
0 0.39453125 0.466796875 0.0654296875 0.029296875
0 0.3359375 0.7216796875 0.0380859375 0.0498046875
0 0.3046875 0.8359375 0.0419921875 0.0771484375
0 0.0966796875 0.8330078125 0.0703125 0.064453125
0 0.7822265625 0.6123046875 0.0244140625 0.0478515625
0 0.64453125 0.056640625 0.0419921875 0.0341796875
0 0.6953125 0.025390625 0.0341796875 0.05078125