0 0.6240234375 0.359375 0.05078125 0.0380859375
0 0.5126953125 0.1640625 0.03125 0.0458984375
0 0.1396484375 0.166015625 0.0244140625 0.0458984375
0 0.095703125 0.53125 0.046875 0.0595703125
0 0.1630859375 0.5419921875 0.0341796875 0.0283203125
0 0.3603515625 0.7158203125 0.0234375 0.0390625
0 0.7099609375 0.537109375 0.03125 0.0380859375
0 0.818359375 0.5283203125 0.033203125 0.0263671875
0 0.8916015625 0.5107421875 0.03125 0.0439453125
0 0.0185546875 0.82421875 0.02734375 0.0693359375
0 0.80859375 0.9716796875 0.0341796875 0.0458984375
0 0.509765625 0.666015625 0.033203125 0.0234375
0 0.87109375 0.93359375 0.052734375 0.0439453125
0 0.70703125 0.876953125 0.056640625 0.052734375
0 0.4599609375 0.8935546875 0.03125 0.0576171875
0 0.4658203125 0.6728515625 0.046875 0.115234375
0 0.357421875 0.6279296875 0.03125 0.0390625
0 0.3408203125 0.51953125 0.037109375 0.033203125
0 0.23828125 0.7421875 0.04296875 0.0595703125
0 0.177734375 0.75390625 0.03125 0.0703125
0 0.103515625 0.8095703125 0.02734375 0.052734375
0 0.388671875 0.0888671875 0.06640625 0.072265625
0 0.92578125 0.3291015625 0.0546875 0.0458984375
0 0.947265625 0.5849609375 0.0595703125 0.064453125