0 0.86328125 0.189453125 0.033203125 0.0390625
0 0.525390625 0.3046875 0.021484375 0.0576171875
0 0.39453125 0.083984375 0.021484375 0.0263671875
0 0.5986328125 0.015625 0.029296875 0.03125
0 0.6748046875 0.0224609375 0.037109375 0.021484375
0 0.14453125 0.0595703125 0.021484375 0.021484375
0 0.0986328125 0.1376953125 0.04296875 0.0283203125
0 0.08984375 0.2783203125 0.033203125 0.0166015625
0 0.060546875 0.3173828125 0.02734375 0.0234375
0 0.078125 0.3408203125 0.03125 0.033203125
0 0.1767578125 0.390625 0.037109375 0.05078125
0 0.943359375 0.89453125 0.041015625 0.0263671875
0 0.6474609375 0.880859375 0.0234375 0.0478515625
0 0.5849609375 0.9794921875 0.0234375 0.0380859375
0 0.20703125 0.140625 0.0146484375 0.0439453125
0 0.6123046875 0.240234375 0.029296875 0.0234375
0 0.2724609375 0.205078125 0.017578125 0.0341796875
0 0.9619140625 0.3779296875 0.046875 0.052734375
0 0.7529296875 0.224609375 0.0595703125 0.0576171875
0 0.68359375 0.2373046875 0.0234375 0.0478515625
0 0.6103515625 0.2890625 0.04296875 0.0546875
0 0.3994140625 0.2919921875 0.03125 0.0478515625
0 0.3779296875 0.2568359375 0.037109375 0.0458984375
0 0.4638671875 0.0576171875 0.03125 0.033203125
0 0.97265625 0.1474609375 0.046875 0.1005859375
0 0.865234375 0.11328125 0.029296875 0.0458984375
0 0.26953125 0.0703125 0.0732421875 0.052734375
0 0.2431640625 0.0380859375 0.0234375 0.01953125
0 0.1181640625 0.19140625 0.05078125 0.03125
0 0.080078125 0.2353515625 0.0244140625 0.0458984375
0 0.0517578125 0.234375 0.02734375 0.0908203125
0 0.1162109375 0.041015625 0.017578125 0.0390625
0 0.0712890625 0.099609375 0.04296875 0.083984375
0 0.240234375 0.4501953125 0.029296875 0.0458984375
0 0.607421875 0.50390625 0.046875 0.021484375
0 0.630859375 0.5546875 0.037109375 0.0283203125
0 0.8740234375 0.6787109375 0.052734375 0.0439453125
0 0.7822265625 0.896484375 0.044921875 0.0595703125
0 0.8408203125 0.0126953125 0.041015625 0.025390625