0 0.748046875 0.8134765625 0.0390625 0.015625
0 0.7705078125 0.7060546875 0.0283203125 0.05859375
0 0.83984375 0.7138671875 0.0283203125 0.0419921875
0 0.955078125 0.5693359375 0.0341796875 0.0341796875
0 0.9345703125 0.404296875 0.0185546875 0.0322265625
0 0.9404296875 0.1220703125 0.0478515625 0.0146484375
0 0.662109375 0.0078125 0.0244140625 0.015625
0 0.6240234375 0.025390625 0.0244140625 0.0478515625
0 0.5 0.0517578125 0.052734375 0.0283203125
0 0.4873046875 0.228515625 0.0341796875 0.0185546875
0 0.6337890625 0.3740234375 0.0341796875 0.021484375
0 0.5654296875 0.5751953125 0.0283203125 0.0283203125
0 0.4384765625 0.5498046875 0.0341796875 0.0263671875
0 0.373046875 0.4111328125 0.04296875 0.0185546875
0 0.076171875 0.3388671875 0.021484375 0.0419921875
0 0.142578125 0.0673828125 0.041015625 0.015625
0 0.0283203125 0.0634765625 0.0361328125 0.0283203125
0 0.1884765625 0.4990234375 0.0283203125 0.0283203125
0 0.1005859375 0.5546875 0.0498046875 0.015625
0 0.087890625 0.68359375 0.041015625 0.0244140625
0 0.1630859375 0.81640625 0.0390625 0.0224609375
0 0.1328125 0.80859375 0.0478515625 0.021484375
0 0.068359375 0.92578125 0.021484375 0.0322265625
0 0.2275390625 0.853515625 0.041015625 0.0224609375
0 0.3427734375 0.8271484375 0.0341796875 0.05078125
0 0.30859375 0.904296875 0.0341796875 0.0380859375
0 0.3955078125 0.625 0.0341796875 0.044921875
0 0.5859375 0.833984375 0.0341796875 0.0478515625
0 0.5439453125 0.76171875 0.0546875 0.0263671875
0 0.5546875 0.865234375 0.0341796875 0.0322265625
0 0.5087890625 0.845703125 0.0341796875 0.0244140625
0 0.5009765625 0.8232421875 0.0478515625 0.0380859375
0 0.4423828125 0.82421875 0.0556640625 0.0322265625
0 0.447265625 0.140625 0.0498046875 0.0244140625
0 0.2021484375 0.458984375 0.04296875 0.0263671875
0 0.8759765625 0.1826171875 0.0546875 0.0654296875
0 0.9716796875 0.0869140625 0.029296875 0.03125
0 0.7939453125 0.4345703125 0.072265625 0.1015625
0 0.8310546875 0.619140625 0.052734375 0.044921875
0 0.462890625 0.6728515625 0.0478515625 0.0546875
0 0.4453125 0.7744140625 0.083984375 0.0693359375
0 0.375 0.7578125 0.0458984375 0.0283203125
0 0.58984375 0.880859375 0.041015625 0.05078125
0 0.669921875 0.9345703125 0.0283203125 0.0419921875
0 0.16796875 0.74609375 0.052734375 0.0478515625
0 0.3974609375 0.037109375 0.0703125 0.044921875
0 0.6357421875 0.0703125 0.0673828125 0.0341796875
0 0.7529296875 0.1044921875 0.0703125 0.060546875
0 0.625 0.3349609375 0.0458984375 0.044921875
0 0.5341796875 0.3525390625 0.0478515625 0.0419921875
0 0.4072265625 0.4384765625 0.0546875 0.0341796875