0 0.7744140625 0.3203125 0.04296875 0.0283203125
0 0.75 0.39453125 0.04296875 0.0126953125
0 0.8056640625 0.3896484375 0.0458984375 0.0185546875
0 0.849609375 0.125 0.0341796875 0.0244140625
0 0.8876953125 0.0986328125 0.033203125 0.03125
0 0.7822265625 0.0634765625 0.0341796875 0.0244140625
0 0.6201171875 0.23828125 0.033203125 0.0263671875
0 0.5654296875 0.267578125 0.0234375 0.0283203125
0 0.4541015625 0.5849609375 0.0556640625 0.0244140625
0 0.2177734375 0.6328125 0.021484375 0.0517578125
0 0.1982421875 0.48828125 0.0244140625 0.0283203125
0 0.1572265625 0.490234375 0.0283203125 0.0224609375
0 0.12890625 0.8203125 0.060546875 0.0244140625
0 0.0634765625 0.7578125 0.041015625 0.0263671875
0 0.0126953125 0.7744140625 0.025390625 0.017578125
0 0.2841796875 0.8720703125 0.0283203125 0.0341796875
0 0.3896484375 0.6904296875 0.0556640625 0.0244140625
0 0.8134765625 0.935546875 0.0478515625 0.0224609375
0 0.8935546875 0.9765625 0.0283203125 0.0419921875
0 0.9755859375 0.0751953125 0.029296875 0.0224609375
0 0.4619140625 0.3720703125 0.0654296875 0.0341796875
0 0.474609375 0.0595703125 0.041015625 0.0224609375
0 0.216796875 0.044921875 0.029296875 0.041015625
0 0.279296875 0.19140625 0.029296875 0.0517578125
0 0.2529296875 0.2431640625 0.041015625 0.0185546875
0 0.29296875 0.171875 0.029296875 0.0283203125
0 0.1484375 0.09375 0.033203125 0.0341796875
0 0.1572265625 0.1328125 0.0341796875 0.0380859375
0 0.1103515625 0.162109375 0.0361328125 0.0244140625
0 0.037109375 0.287109375 0.0283203125 0.0322265625
0 0.0654296875 0.3193359375 0.041015625 0.0322265625
0 0.3671875 0.982421875 0.0341796875 0.0283203125
0 0.369140625 0.81640625 0.041015625 0.0185546875
0 0.6484375 0.73828125 0.041015625 0.0185546875
0 0.6279296875 0.6552734375 0.0341796875 0.0283203125
0 0.9189453125 0.697265625 0.0244140625 0.0322265625
0 0.7822265625 0.1650390625 0.0478515625 0.0458984375
0 0.564453125 0.603515625 0.033203125 0.0341796875
0 0.958984375 0.859375 0.0361328125 0.0146484375
0 0.9814453125 0.8681640625 0.033203125 0.03125
0 0.4873046875 0.4111328125 0.033203125 0.0244140625
0 0.4375 0.3974609375 0.052734375 0.03125
0 0.412109375 0.501953125 0.041015625 0.0458984375
0 0.0869140625 0.4619140625 0.033203125 0.03125
0 0.8173828125 0.265625 0.033203125 0.021484375
0 0.9736328125 0.119140625 0.0390625 0.0224609375
0 0.9189453125 0.609375 0.064453125 0.0419921875
0 0.64453125 0.890625 0.0390625 0.068359375
0 0.5302734375 0.9453125 0.0673828125 0.0419921875
0 0.447265625 0.9248046875 0.029296875 0.0517578125
0 0.5263671875 0.8466796875 0.072265625 0.0556640625
0 0.6083984375 0.7763671875 0.033203125 0.0478515625
0 0.52734375 0.6943359375 0.0478515625 0.0322265625
0 0.576171875 0.650390625 0.060546875 0.05859375
0 0.5390625 0.556640625 0.0341796875 0.0380859375
0 0.37109375 0.439453125 0.0546875 0.0517578125
0 0.525390625 0.455078125 0.0478515625 0.0341796875
0 0.5380859375 0.228515625 0.0458984375 0.0419921875
0 0.603515625 0.27734375 0.029296875 0.0341796875
0 0.7802734375 0.431640625 0.0341796875 0.0517578125
0 0.8447265625 0.3251953125 0.041015625 0.0546875
0 0.8466796875 0.2646484375 0.0341796875 0.0380859375
0 0.916015625 0.736328125 0.0498046875 0.0341796875
0 0.9765625 0.8017578125 0.041015625 0.0419921875
0 0.7421875 0.833984375 0.041015625 0.0478515625
0 0.7080078125 0.5 0.041015625 0.0341796875
0 0.3984375 0.1953125 0.0546875 0.0615234375
0 0.4130859375 0.134765625 0.0458984375 0.041015625
0 0.40625 0.0595703125 0.0595703125 0.044921875
0 0.2197265625 0.4443359375 0.064453125 0.0322265625
0 0.2177734375 0.7919921875 0.1103515625 0.07421875
0 0.322265625 0.759765625 0.0361328125 0.0341796875
0 0.18359375 0.5380859375 0.0771484375 0.05078125
0 0.115234375 0.5849609375 0.0859375 0.05078125
0 0.072265625 0.62890625 0.052734375 0.0341796875
0 0.060546875 0.7158203125 0.0390625 0.0283203125
0 0.03125 0.5234375 0.029296875 0.0419921875
0 0.0966796875 0.05859375 0.072265625 0.05078125
0 0.478515625 0.7392578125 0.0498046875 0.0341796875
0 0.4580078125 0.76953125 0.0341796875 0.0341796875