0 0.8876953125 0.1103515625 0.033203125 0.0341796875
0 0.8515625 0.8154296875 0.041015625 0.0322265625
0 0.7822265625 0.806640625 0.0546875 0.0244140625
0 0.4931640625 0.7275390625 0.072265625 0.0341796875
0 0.060546875 0.5751953125 0.0390625 0.0244140625
0 0.2568359375 0.484375 0.0390625 0.0224609375
0 0.259765625 0.1025390625 0.029296875 0.0283203125
0 0.576171875 0.130859375 0.064453125 0.0283203125
0 0.681640625 0.0107421875 0.041015625 0.021484375
0 0.5751953125 0.3193359375 0.0341796875 0.0419921875
0 0.982421875 0.0478515625 0.0283203125 0.0283203125
0 0.919921875 0.0546875 0.041015625 0.015625
0 0.7998046875 0.12890625 0.0361328125 0.0244140625
0 0.7333984375 0.634765625 0.0556640625 0.041015625
0 0.4765625 0.8193359375 0.060546875 0.0615234375
0 0.0908203125 0.89453125 0.0498046875 0.05078125
0 0.3310546875 0.3525390625 0.083984375 0.0703125
0 0.4384765625 0.255859375 0.0546875 0.0283203125
0 0.853515625 0.10546875 0.04296875 0.044921875