0 0.8134765625 0.7470703125 0.015625 0.0390625
0 0.7060546875 0.7685546875 0.05859375 0.0283203125
0 0.7138671875 0.837890625 0.0419921875 0.0283203125
0 0.5693359375 0.953125 0.0341796875 0.0341796875
0 0.404296875 0.93359375 0.0322265625 0.0185546875
0 0.1220703125 0.9384765625 0.0146484375 0.0478515625
0 0.0078125 0.66015625 0.015625 0.0244140625
0 0.025390625 0.6220703125 0.0478515625 0.0244140625
0 0.0517578125 0.498046875 0.0283203125 0.052734375
0 0.228515625 0.486328125 0.0185546875 0.0341796875
0 0.3740234375 0.6328125 0.021484375 0.0341796875
0 0.5751953125 0.5634765625 0.0283203125 0.0283203125
0 0.5498046875 0.4365234375 0.0263671875 0.0341796875
0 0.4111328125 0.3720703125 0.0185546875 0.04296875
0 0.3388671875 0.0751953125 0.0419921875 0.021484375
0 0.0673828125 0.140625 0.015625 0.041015625
0 0.0634765625 0.0263671875 0.0283203125 0.0361328125
0 0.4990234375 0.1865234375 0.0283203125 0.0283203125
0 0.5546875 0.0986328125 0.015625 0.0498046875
0 0.68359375 0.0859375 0.0244140625 0.041015625
0 0.81640625 0.1611328125 0.0224609375 0.0390625
0 0.80859375 0.130859375 0.021484375 0.0478515625
0 0.92578125 0.06640625 0.0322265625 0.021484375
0 0.853515625 0.2265625 0.0224609375 0.041015625
0 0.8271484375 0.3408203125 0.05078125 0.0341796875
0 0.904296875 0.306640625 0.0380859375 0.0341796875
0 0.625 0.3935546875 0.044921875 0.0341796875
0 0.833984375 0.5849609375 0.0478515625 0.0341796875
0 0.76171875 0.5419921875 0.0263671875 0.0546875
0 0.865234375 0.5537109375 0.0322265625 0.0341796875
0 0.845703125 0.5078125 0.0244140625 0.0341796875
0 0.8232421875 0.4990234375 0.0380859375 0.0478515625
0 0.82421875 0.4404296875 0.0322265625 0.0556640625
0 0.140625 0.4453125 0.0244140625 0.0498046875
0 0.458984375 0.2021484375 0.0263671875 0.04296875
0 0.1826171875 0.8740234375 0.0654296875 0.0546875
0 0.0869140625 0.970703125 0.03125 0.029296875
0 0.4345703125 0.79296875 0.1015625 0.072265625
0 0.619140625 0.8291015625 0.044921875 0.052734375
0 0.6728515625 0.4609375 0.0546875 0.0478515625
0 0.7744140625 0.443359375 0.0693359375 0.083984375
0 0.7578125 0.373046875 0.0283203125 0.0458984375
0 0.880859375 0.587890625 0.05078125 0.041015625
0 0.9345703125 0.6689453125 0.0419921875 0.0283203125
0 0.74609375 0.166015625 0.0478515625 0.052734375
0 0.037109375 0.3955078125 0.044921875 0.0703125
0 0.0703125 0.6337890625 0.0341796875 0.0673828125
0 0.1044921875 0.7509765625 0.060546875 0.0703125
0 0.3349609375 0.623046875 0.044921875 0.0458984375
0 0.3525390625 0.5322265625 0.0419921875 0.0478515625
0 0.4384765625 0.4052734375 0.0341796875 0.0546875