0 0.85546875 0.66796875 0.0478515625 0.0234375
0 0.7919921875 0.4990234375 0.0146484375 0.0546875
0 0.7841796875 0.4453125 0.0322265625 0.0283203125
0 0.7470703125 0.3310546875 0.0322265625 0.0341796875
0 0.560546875 0.552734375 0.0419921875 0.029296875
0 0.68359375 0.5537109375 0.05078125 0.0341796875
0 0.5595703125 0.453125 0.044921875 0.060546875
0 0.3095703125 0.345703125 0.044921875 0.0361328125
0 0.328125 0.2578125 0.0244140625 0.072265625
0 0.5 0.345703125 0.0322265625 0.029296875
0 0.24609375 0.9033203125 0.0458984375 0.0341796875
0 0.294921875 0.91015625 0.0185546875 0.0341796875
0 0.4072265625 0.9501953125 0.0341796875 0.0703125
0 0.51171875 0.9296875 0.0380859375 0.0556640625
0 0.9580078125 0.6474609375 0.0517578125 0.0673828125
0 0.978515625 0.0537109375 0.0244140625 0.0478515625
0 0.62109375 0.13671875 0.0244140625 0.0390625
0 0.541015625 0.0537109375 0.0224609375 0.0478515625
0 0.166015625 0.689453125 0.0185546875 0.0361328125
0 0.2880859375 0.556640625 0.0244140625 0.0478515625
0 0.3330078125 0.6904296875 0.0341796875 0.029296875
0 0.896484375 0.9794921875 0.0244140625 0.0341796875
0 0.71875 0.15625 0.0341796875 0.0390625
0 0.9638671875 0.984375 0.0341796875 0.0244140625
0 0.8271484375 0.94921875 0.0458984375 0.052734375
0 0.6904296875 0.865234375 0.0341796875 0.072265625
0 0.6396484375 0.83984375 0.05859375 0.064453125
0 0.498046875 0.763671875 0.0478515625 0.083984375
0 0.9677734375 0.779296875 0.0615234375 0.0654296875
0 0.98046875 0.4560546875 0.037109375 0.0673828125
0 0.9345703125 0.3857421875 0.0419921875 0.0673828125
0 0.865234375 0.365234375 0.044921875 0.033203125
0 0.6376953125 0.4921875 0.0546875 0.064453125
0 0.4365234375 0.296875 0.0556640625 0.0478515625
0 0.59375 0.025390625 0.0419921875 0.05078125
0 0.552734375 0.09765625 0.0478515625 0.0478515625