0 0.4638671875 0.8037109375 0.05859375 0.0341796875
0 0.3251953125 0.9228515625 0.0478515625 0.0361328125
0 0.23046875 0.9677734375 0.0341796875 0.0341796875
0 0.1123046875 0.849609375 0.0341796875 0.0146484375
0 0.11328125 0.8095703125 0.0185546875 0.04296875
0 0.3212890625 0.7470703125 0.0380859375 0.041015625
0 0.4111328125 0.7099609375 0.0244140625 0.0244140625
0 0.3466796875 0.6484375 0.0283203125 0.0341796875
0 0.625 0.8251953125 0.0224609375 0.0361328125
0 0.5771484375 0.677734375 0.0263671875 0.0595703125
0 0.5908203125 0.580078125 0.0458984375 0.041015625
0 0.6142578125 0.4921875 0.0341796875 0.033203125
0 0.7138671875 0.60546875 0.0146484375 0.033203125
0 0.6826171875 0.6474609375 0.0380859375 0.0478515625
0 0.7373046875 0.6376953125 0.0380859375 0.0341796875
0 0.7177734375 0.689453125 0.0341796875 0.0234375
0 0.720703125 0.58203125 0.0283203125 0.029296875
0 0.935546875 0.630859375 0.0224609375 0.0283203125
0 0.9443359375 0.5244140625 0.0322265625 0.033203125
0 0.8720703125 0.29296875 0.021484375 0.0361328125
0 0.818359375 0.2177734375 0.0244140625 0.0546875
0 0.69140625 0.318359375 0.0224609375 0.041015625
0 0.6767578125 0.271484375 0.0322265625 0.029296875
0 0.4599609375 0.193359375 0.0283203125 0.0478515625
0 0.3310546875 0.2275390625 0.0185546875 0.0244140625
0 0.4365234375 0.3916015625 0.0341796875 0.029296875
0 0.16796875 0.5283203125 0.0322265625 0.029296875
0 0.029296875 0.365234375 0.0322265625 0.0458984375
0 0.01171875 0.1171875 0.0185546875 0.0390625
0 0.1904296875 0.0166015625 0.0322265625 0.0234375
0 0.6767578125 0.1435546875 0.0185546875 0.0341796875
0 0.6904296875 0.09765625 0.0107421875 0.041015625
0 0.794921875 0.0224609375 0.0263671875 0.041015625
0 0.7197265625 0.181640625 0.0380859375 0.041015625
0 0.9404296875 0.0654296875 0.044921875 0.0244140625
0 0.85546875 0.150390625 0.0322265625 0.0283203125
0 0.892578125 0.333984375 0.0380859375 0.0234375
0 0.625 0.748046875 0.0341796875 0.033203125
0 0.705078125 0.828125 0.09375 0.123046875
0 0.8271484375 0.7158203125 0.0458984375 0.0810546875
0 0.9560546875 0.666015625 0.0458984375 0.033203125
0 0.5107421875 0.4560546875 0.0419921875 0.0478515625
0 0.5400390625 0.408203125 0.0322265625 0.0556640625
0 0.544921875 0.310546875 0.0478515625 0.072265625
0 0.328125 0.2939453125 0.041015625 0.0771484375
0 0.2236328125 0.25390625 0.0244140625 0.060546875
0 0.2060546875 0.44921875 0.05078125 0.052734375
0 0.2236328125 0.525390625 0.0341796875 0.041015625
0 0.0654296875 0.3876953125 0.0341796875 0.0556640625
0 0.0107421875 0.1708984375 0.021484375 0.0595703125
0 0.3251953125 0.09375 0.0556640625 0.033203125
0 0.05859375 0.0224609375 0.05859375 0.0439453125
0 0.1279296875 0.3447265625 0.0517578125 0.0478515625
0 0.7294921875 0.072265625 0.0380859375 0.0556640625
0 0.65234375 0.1064453125 0.0419921875 0.0478515625
0 0.9267578125 0.099609375 0.0419921875 0.041015625
0 0.6552734375 0.984375 0.0263671875 0.0244140625