0 0.814453125 0.2490234375 0.0146484375 0.0380859375
0 0.70703125 0.2255859375 0.056640625 0.0263671875
0 0.7138671875 0.15625 0.041015625 0.0263671875
0 0.5703125 0.041015625 0.033203125 0.033203125
0 0.404296875 0.060546875 0.03125 0.0166015625
0 0.1220703125 0.0556640625 0.013671875 0.0458984375
0 0.0078125 0.333984375 0.015625 0.0234375
0 0.0263671875 0.3720703125 0.046875 0.0234375
0 0.0517578125 0.4970703125 0.02734375 0.05078125
0 0.228515625 0.5078125 0.017578125 0.033203125
0 0.375 0.3623046875 0.01953125 0.033203125
0 0.5751953125 0.4306640625 0.02734375 0.0263671875
0 0.55078125 0.5576171875 0.0244140625 0.033203125
0 0.412109375 0.6240234375 0.017578125 0.041015625
0 0.3388671875 0.9189453125 0.041015625 0.01953125
0 0.068359375 0.853515625 0.0146484375 0.0390625
0 0.064453125 0.9697265625 0.02734375 0.0341796875
0 0.5 0.8076171875 0.02734375 0.0263671875
0 0.5556640625 0.8974609375 0.0146484375 0.0478515625
0 0.6826171875 0.908203125 0.0234375 0.0390625
0 0.81640625 0.8349609375 0.021484375 0.0380859375
0 0.8095703125 0.86328125 0.01953125 0.0458984375
0 0.9248046875 0.927734375 0.03125 0.01953125
0 0.853515625 0.7685546875 0.021484375 0.0390625
0 0.828125 0.6533203125 0.0498046875 0.033203125
0 0.904296875 0.6875 0.037109375 0.033203125
0 0.6240234375 0.6005859375 0.04296875 0.033203125
0 0.833984375 0.4091796875 0.046875 0.033203125
0 0.7626953125 0.4521484375 0.0244140625 0.052734375
0 0.8642578125 0.4404296875 0.03125 0.033203125
0 0.8447265625 0.4873046875 0.0234375 0.033203125
0 0.82421875 0.4951171875 0.037109375 0.0458984375
0 0.8232421875 0.5546875 0.03125 0.0546875
0 0.1416015625 0.5498046875 0.0234375 0.0478515625
0 0.458984375 0.7939453125 0.0244140625 0.041015625
0 0.18359375 0.1201171875 0.064453125 0.052734375
0 0.087890625 0.025390625 0.029296875 0.0283203125
0 0.43359375 0.203125 0.1005859375 0.0703125
0 0.6181640625 0.1669921875 0.04296875 0.05078125
0 0.6728515625 0.533203125 0.052734375 0.0458984375
0 0.7763671875 0.55078125 0.0693359375 0.08203125
0 0.7587890625 0.6220703125 0.02734375 0.0439453125
0 0.880859375 0.40625 0.0498046875 0.0390625
0 0.93359375 0.3251953125 0.041015625 0.0263671875
0 0.74609375 0.830078125 0.046875 0.05078125
0 0.0361328125 0.5986328125 0.04296875 0.0693359375
0 0.072265625 0.3603515625 0.0341796875 0.0654296875
0 0.10546875 0.2431640625 0.0595703125 0.0693359375
0 0.3349609375 0.3720703125 0.04296875 0.0439453125
0 0.3525390625 0.4619140625 0.041015625 0.0458984375
0 0.4375 0.5888671875 0.033203125 0.052734375