0 0.6376953125 0.625 0.0390625 0.0517578125
0 0.8310546875 0.513671875 0.0478515625 0.0322265625
0 0.830078125 0.1396484375 0.0478515625 0.0263671875
0 0.46484375 0.0947265625 0.060546875 0.0478515625
0 0.4560546875 0.162109375 0.029296875 0.0341796875
0 0.2802734375 0.361328125 0.041015625 0.0244140625
0 0.4609375 0.7099609375 0.0390625 0.0322265625
0 0.4677734375 0.8193359375 0.0283203125 0.0341796875
0 0.4873046875 0.892578125 0.0458984375 0.0322265625
0 0.171875 0.017578125 0.0703125 0.0283203125
0 0.0234375 0.8056640625 0.046875 0.033203125
0 0.330078125 0.509765625 0.0244140625 0.0341796875
0 0.064453125 0.87109375 0.0458984375 0.0546875
0 0.119140625 0.7060546875 0.0546875 0.05859375
0 0.103515625 0.4599609375 0.0595703125 0.0322265625
0 0.3232421875 0.46484375 0.1171875 0.0478515625
0 0.3671875 0.357421875 0.041015625 0.0322265625
0 0.4765625 0.33984375 0.0341796875 0.0380859375
0 0.25390625 0.2392578125 0.060546875 0.044921875
0 0.2431640625 0.177734375 0.072265625 0.0322265625
0 0.1865234375 0.103515625 0.0546875 0.0283203125
0 0.9072265625 0.3876953125 0.07421875 0.068359375
0 0.6669921875 0.9248046875 0.0478515625 0.0556640625
0 0.4130859375 0.9462890625 0.0654296875 0.060546875