0 0.8564453125 0.328125 0.046875 0.021484375
0 0.791015625 0.4951171875 0.013671875 0.052734375
0 0.7841796875 0.5498046875 0.03125 0.0263671875
0 0.7470703125 0.6630859375 0.03125 0.033203125
0 0.5615234375 0.443359375 0.041015625 0.0283203125
0 0.6845703125 0.4404296875 0.0498046875 0.033203125
0 0.55859375 0.541015625 0.04296875 0.0595703125
0 0.30859375 0.650390625 0.04296875 0.0341796875
0 0.3271484375 0.7373046875 0.0234375 0.0703125
0 0.4990234375 0.650390625 0.03125 0.0283203125
0 0.24609375 0.0908203125 0.044921875 0.033203125
0 0.2958984375 0.083984375 0.017578125 0.033203125
0 0.40625 0.0439453125 0.033203125 0.0693359375
0 0.5126953125 0.06640625 0.037109375 0.0546875
0 0.95703125 0.3466796875 0.05078125 0.0654296875
0 0.978515625 0.9404296875 0.0234375 0.0458984375
0 0.62109375 0.859375 0.0234375 0.0380859375
0 0.5400390625 0.9404296875 0.021484375 0.0458984375
0 0.1669921875 0.306640625 0.017578125 0.0341796875
0 0.2890625 0.4375 0.0234375 0.0458984375
0 0.333984375 0.3046875 0.0341796875 0.0283203125
0 0.8955078125 0.015625 0.0234375 0.03125
0 0.71875 0.83984375 0.033203125 0.0380859375
0 0.9638671875 0.0107421875 0.033203125 0.021484375
0 0.828125 0.046875 0.044921875 0.05078125
0 0.6904296875 0.130859375 0.033203125 0.0703125
0 0.6396484375 0.154296875 0.056640625 0.0625
0 0.4990234375 0.23046875 0.046875 0.08203125
0 0.966796875 0.2158203125 0.060546875 0.064453125
0 0.98046875 0.5380859375 0.037109375 0.0654296875
0 0.93359375 0.6083984375 0.041015625 0.0654296875
0 0.8642578125 0.630859375 0.04296875 0.03125
0 0.63671875 0.501953125 0.052734375 0.0625
0 0.4365234375 0.697265625 0.0546875 0.0458984375
0 0.59375 0.9716796875 0.041015625 0.05078125
0 0.552734375 0.896484375 0.046875 0.0458984375