0 0.8115234375 0.1357421875 0.02734375 0.03125
0 0.755859375 0.12890625 0.02734375 0.0703125
0 0.79296875 0.3984375 0.0234375 0.03125
0 0.818359375 0.4404296875 0.0234375 0.033203125
0 0.7431640625 0.6357421875 0.033203125 0.021484375
0 0.76953125 0.7392578125 0.033203125 0.0380859375
0 0.96875 0.8544921875 0.0341796875 0.041015625
0 0.505859375 0.7109375 0.0244140625 0.064453125
0 0.5224609375 0.6474609375 0.037109375 0.03125
0 0.5732421875 0.603515625 0.041015625 0.0390625
0 0.8779296875 0.142578125 0.029296875 0.0283203125
0 0.931640625 0.0107421875 0.0234375 0.021484375
0 0.265625 0.3134765625 0.03125 0.021484375
0 0.3818359375 0.369140625 0.033203125 0.0283203125
0 0.466796875 0.3974609375 0.02734375 0.0283203125
0 0.5546875 0.333984375 0.033203125 0.033203125
0 0.6240234375 0.4345703125 0.02734375 0.0341796875
0 0.5849609375 0.486328125 0.021484375 0.05078125
0 0.5654296875 0.4375 0.0244140625 0.033203125
0 0.7216796875 0.501953125 0.02734375 0.0390625
0 0.1796875 0.3564453125 0.02734375 0.0546875
0 0.134765625 0.4150390625 0.04296875 0.03125
0 0.0263671875 0.3681640625 0.0400390625 0.0458984375
0 0.2431640625 0.396484375 0.0234375 0.033203125
0 0.078125 0.5751953125 0.041015625 0.033203125
0 0.1416015625 0.6591796875 0.03125 0.0390625
0 0.091796875 0.6982421875 0.044921875 0.0380859375
0 0.064453125 0.6748046875 0.037109375 0.033203125
0 0.0615234375 0.73828125 0.0234375 0.033203125
0 0.2353515625 0.6533203125 0.041015625 0.0234375
0 0.2841796875 0.658203125 0.0341796875 0.0458984375
0 0.244140625 0.5576171875 0.0234375 0.0166015625
0 0.3955078125 0.599609375 0.0234375 0.0283203125
0 0.40625 0.806640625 0.0244140625 0.041015625
0 0.41015625 0.8505859375 0.0234375 0.0263671875
0 0.4736328125 0.9287109375 0.03125 0.0439453125
0 0.43359375 0.9501953125 0.0234375 0.0458984375
0 0.3515625 0.9833984375 0.029296875 0.0263671875
0 0.2822265625 0.908203125 0.02734375 0.0234375
0 0.228515625 0.8916015625 0.017578125 0.0234375
0 0.166015625 0.9248046875 0.021484375 0.0283203125
0 0.205078125 0.95703125 0.02734375 0.052734375
0 0.673828125 0.8408203125 0.0234375 0.0478515625
0 0.6611328125 0.9365234375 0.0234375 0.0283203125
0 0.6142578125 0.9814453125 0.033203125 0.033203125
0 0.1884765625 0.8037109375 0.021484375 0.0341796875
0 0.0126953125 0.564453125 0.025390625 0.02734375
0 0.0068359375 0.2802734375 0.013671875 0.0478515625
0 0.6884765625 0.0859375 0.052734375 0.0439453125
0 0.546875 0.220703125 0.041015625 0.0693359375
0 0.5009765625 0.4375 0.04296875 0.0390625
0 0.447265625 0.5107421875 0.0341796875 0.0380859375
0 0.3583984375 0.4814453125 0.041015625 0.0390625
0 0.4697265625 0.5693359375 0.04296875 0.0458984375
0 0.9150390625 0.419921875 0.029296875 0.0546875
0 0.9169921875 0.4873046875 0.029296875 0.0546875
0 0.9501953125 0.6064453125 0.06640625 0.083984375
0 0.9140625 0.6513671875 0.0927734375 0.14453125
0 0.6259765625 0.7763671875 0.052734375 0.052734375
0 0.2822265625 0.8232421875 0.0546875 0.0703125
0 0.1376953125 0.8115234375 0.0693359375 0.064453125
0 0.080078125 0.87890625 0.052734375 0.11328125
0 0.1904296875 0.4501953125 0.080078125 0.0751953125
0 0.2783203125 0.96875 0.033203125 0.033203125
0 0.640625 0.4814453125 0.0595703125 0.0458984375
0 0.6845703125 0.486328125 0.029296875 0.064453125
0 0.6240234375 0.9013671875 0.033203125 0.0390625
0 0.2958984375 0.3515625 0.0400390625 0.0390625