0 0.658203125 0.0546875 0.033203125 0.021484375
0 0.73046875 0.271484375 0.056640625 0.0234375
0 0.4306640625 0.44140625 0.01953125 0.03125
0 0.1875 0.3271484375 0.021484375 0.033203125
0 0.072265625 0.322265625 0.037109375 0.052734375
0 0.1328125 0.3037109375 0.03125 0.0283203125
0 0.1376953125 0.20703125 0.041015625 0.0390625
0 0.458984375 0.4912109375 0.0341796875 0.0283203125
0 0.4931640625 0.4990234375 0.021484375 0.0341796875
0 0.447265625 0.548828125 0.029296875 0.0283203125
0 0.3017578125 0.6201171875 0.041015625 0.0390625
0 0.291015625 0.681640625 0.04296875 0.021484375
0 0.3291015625 0.734375 0.02734375 0.0283203125
0 0.587890625 0.59375 0.02734375 0.0458984375
0 0.4775390625 0.6064453125 0.0234375 0.0283203125
0 0.4736328125 0.6533203125 0.03125 0.0146484375
0 0.59375 0.7490234375 0.017578125 0.0341796875
0 0.58203125 0.8720703125 0.037109375 0.0458984375
0 0.6279296875 0.484375 0.029296875 0.021484375
0 0.197265625 0.818359375 0.037109375 0.041015625
0 0.83203125 0.662109375 0.029296875 0.021484375
0 0.5380859375 0.1123046875 0.0546875 0.064453125
0 0.4755859375 0.2626953125 0.0546875 0.0771484375
0 0.5634765625 0.45703125 0.02734375 0.052734375
0 0.7099609375 0.537109375 0.0498046875 0.064453125
0 0.7890625 0.5419921875 0.041015625 0.0703125
0 0.779296875 0.7373046875 0.060546875 0.064453125
0 0.6513671875 0.97265625 0.06640625 0.0478515625
0 0.41015625 0.6533203125 0.03125 0.05078125
0 0.20703125 0.880859375 0.0732421875 0.0546875