0 0.9423828125 0.658203125 0.0234375 0.0341796875
0 0.724609375 0.7294921875 0.0244140625 0.05859375
0 0.5556640625 0.4296875 0.033203125 0.021484375
0 0.6689453125 0.1884765625 0.0341796875 0.0224609375
0 0.673828125 0.0712890625 0.0546875 0.0380859375
0 0.6943359375 0.1337890625 0.029296875 0.0322265625
0 0.7890625 0.138671875 0.041015625 0.0419921875
0 0.5068359375 0.4580078125 0.029296875 0.0341796875
0 0.498046875 0.494140625 0.0361328125 0.0224609375
0 0.44921875 0.4462890625 0.029296875 0.03125
0 0.3759765625 0.3017578125 0.041015625 0.0419921875
0 0.314453125 0.2919921875 0.0234375 0.044921875
0 0.2626953125 0.328125 0.029296875 0.0283203125
0 0.40234375 0.5869140625 0.0478515625 0.0283203125
0 0.3916015625 0.4775390625 0.029296875 0.0244140625
0 0.34375 0.4736328125 0.0166015625 0.0322265625
0 0.248046875 0.59375 0.0361328125 0.0185546875
0 0.1240234375 0.5810546875 0.0478515625 0.0380859375
0 0.5126953125 0.626953125 0.0234375 0.03125
0 0.1796875 0.1962890625 0.04296875 0.0380859375
0 0.3359375 0.8310546875 0.0234375 0.03125
0 0.884765625 0.5380859375 0.0654296875 0.0556640625
0 0.7353515625 0.474609375 0.0791015625 0.0556640625
0 0.5390625 0.5625 0.0546875 0.0283203125
0 0.4609375 0.7099609375 0.0654296875 0.05078125
0 0.4560546875 0.7900390625 0.072265625 0.0419921875
0 0.259765625 0.779296875 0.0654296875 0.0615234375
0 0.0244140625 0.6494140625 0.048828125 0.068359375
0 0.34375 0.4111328125 0.052734375 0.0322265625
0 0.1171875 0.2080078125 0.0556640625 0.07421875