0 0.4111328125 0.1708984375 0.033203125 0.033203125
0 0.0107421875 0.36328125 0.021484375 0.03125
0 0.4404296875 0.3876953125 0.01953125 0.0478515625
0 0.484375 0.40625 0.0400390625 0.0458984375
0 0.4296875 0.5244140625 0.0244140625 0.033203125
0 0.5556640625 0.6533203125 0.01953125 0.033203125
0 0.505859375 0.6748046875 0.0146484375 0.033203125
0 0.3623046875 0.7314453125 0.03125 0.0283203125
0 0.298828125 0.849609375 0.021484375 0.0283203125
0 0.33203125 0.8662109375 0.0146484375 0.03125
0 0.7392578125 0.734375 0.03125 0.021484375
0 0.736328125 0.6318359375 0.0341796875 0.01953125
0 0.7763671875 0.74609375 0.021484375 0.0439453125
0 0.794921875 0.7333984375 0.021484375 0.0166015625
0 0.9345703125 0.759765625 0.017578125 0.0458984375
0 0.9697265625 0.5 0.021484375 0.0595703125
0 0.8779296875 0.265625 0.0234375 0.0576171875
0 0.8466796875 0.2294921875 0.02734375 0.0283203125
0 0.58203125 0.03515625 0.029296875 0.0439453125
0 0.330078125 0.208984375 0.0234375 0.0234375
0 0.09765625 0.8251953125 0.037109375 0.0478515625
0 0.8740234375 0.6318359375 0.0244140625 0.0263671875
0 0.6923828125 0.9501953125 0.04296875 0.041015625
0 0.5693359375 0.87890625 0.02734375 0.0283203125
0 0.4453125 0.9462890625 0.0234375 0.0380859375
0 0.6376953125 0.056640625 0.03125 0.0283203125
0 0.0283203125 0.095703125 0.044921875 0.0263671875
0 0.3251953125 0.068359375 0.04296875 0.0283203125
0 0.3876953125 0.1064453125 0.0234375 0.0283203125
0 0.419921875 0.0927734375 0.02734375 0.021484375
0 0.3251953125 0.11328125 0.021484375 0.033203125
0 0.4140625 0.212890625 0.03125 0.021484375
0 0.2724609375 0.8193359375 0.05078125 0.0390625
0 0.9775390625 0.8447265625 0.0400390625 0.0478515625
0 0.7099609375 0.5888671875 0.02734375 0.0595703125
0 0.5185546875 0.0625 0.044921875 0.0390625
0 0.6015625 0.916015625 0.029296875 0.0390625
0 0.7197265625 0.15625 0.04296875 0.0693359375
0 0.4814453125 0.2880859375 0.0966796875 0.1015625
0 0.2998046875 0.6533203125 0.033203125 0.0546875
0 0.2392578125 0.71875 0.033203125 0.052734375
0 0.494140625 0.7490234375 0.0595703125 0.0546875
0 0.4208984375 0.8408203125 0.046875 0.0654296875
0 0.3779296875 0.806640625 0.0400390625 0.0703125
0 0.841796875 0.958984375 0.037109375 0.052734375
0 0.6357421875 0.947265625 0.03125 0.0595703125
0 0.2392578125 0.125 0.046875 0.0458984375
0 0.1806640625 0.1123046875 0.037109375 0.0478515625
0 0.1103515625 0.0703125 0.052734375 0.0478515625
0 0.0498046875 0.1494140625 0.0400390625 0.0458984375
0 0.0537109375 0.2001953125 0.041015625 0.05078125
0 0.115234375 0.2529296875 0.03125 0.052734375
0 0.552734375 0.1826171875 0.0400390625 0.052734375
0 0.01171875 0.1669921875 0.0234375 0.05078125