0 0.9072265625 0.1220703125 0.044921875 0.0234375
0 0.34375 0.4716796875 0.041015625 0.08203125
0 0.283203125 0.4951171875 0.046875 0.0234375
0 0.328125 0.5498046875 0.0341796875 0.021484375
0 0.009765625 0.8310546875 0.01953125 0.033203125
0 0.044921875 0.126953125 0.0234375 0.033203125
0 0.005859375 0.2109375 0.0107421875 0.0234375
0 0.8154296875 0.93359375 0.03125 0.0380859375
0 0.615234375 0.4453125 0.0400390625 0.0283203125
0 0.2626953125 0.9794921875 0.0234375 0.0341796875
0 0.9345703125 0.23828125 0.046875 0.0390625
0 0.7158203125 0.7734375 0.037109375 0.0341796875
0 0.482421875 0.5615234375 0.0791015625 0.09375
0 0.3388671875 0.1171875 0.033203125 0.0703125
0 0.2275390625 0.0537109375 0.046875 0.0439453125
0 0.39453125 0.015625 0.0703125 0.03125
0 0.6298828125 0.8115234375 0.046875 0.064453125
0 0.591796875 0.8271484375 0.037109375 0.0888671875
0 0.556640625 0.943359375 0.080078125 0.1064453125
0 0.4765625 0.86328125 0.0546875 0.1083984375
0 0.6953125 0.9501953125 0.060546875 0.0888671875
0 0.0498046875 0.8115234375 0.0400390625 0.0703125
0 0.0654296875 0.7177734375 0.0234375 0.05078125
0 0.0146484375 0.162109375 0.029296875 0.05078125