0 0.9794921875 0.0859375 0.033203125 0.0380859375
0 0.7626953125 0.189453125 0.041015625 0.033203125
0 0.7021484375 0.3828125 0.04296875 0.0263671875
0 0.6357421875 0.630859375 0.033203125 0.03125
0 0.6767578125 0.5615234375 0.017578125 0.021484375
0 0.2587890625 0.345703125 0.02734375 0.033203125
0 0.017578125 0.560546875 0.017578125 0.0625
0 0.0458984375 0.6953125 0.02734375 0.0458984375
0 0.529296875 0.7138671875 0.0234375 0.0263671875
0 0.7412109375 0.4755859375 0.046875 0.0595703125
0 0.734375 0.40234375 0.0400390625 0.0380859375
0 0.30078125 0.609375 0.0341796875 0.0703125
0 0.091796875 0.9599609375 0.02734375 0.0380859375
0 0.353515625 0.271484375 0.021484375 0.0390625
0 0.728515625 0.95703125 0.03125 0.0390625
0 0.6884765625 0.28125 0.02734375 0.0390625
0 0.6650390625 0.2919921875 0.0234375 0.0439453125
0 0.5556640625 0.3076171875 0.0595703125 0.052734375
0 0.5107421875 0.3984375 0.037109375 0.0341796875
0 0.306640625 0.1396484375 0.0703125 0.0595703125
0 0.3427734375 0.0654296875 0.037109375 0.0654296875
0 0.3681640625 0.015625 0.041015625 0.03125
0 0.21484375 0.0908203125 0.03125 0.0595703125
0 0.078125 0.1005859375 0.0498046875 0.052734375
0 0.80078125 0.3935546875 0.06640625 0.0283203125
0 0.8349609375 0.525390625 0.0400390625 0.0546875
0 0.9130859375 0.568359375 0.044921875 0.0546875
0 0.486328125 0.7919921875 0.0771484375 0.09375
0 0.2529296875 0.6240234375 0.05078125 0.0478515625
0 0.13671875 0.1640625 0.021484375 0.0341796875
0 0.6044921875 0.10546875 0.041015625 0.0625
0 0.5703125 0.6845703125 0.033203125 0.0478515625
0 0.4404296875 0.53515625 0.046875 0.041015625