0 0.681640625 0.2158203125 0.03125 0.0390625
0 0.9541015625 0.59375 0.029296875 0.0263671875
0 0.728515625 0.7021484375 0.0234375 0.033203125
0 0.759765625 0.9033203125 0.03125 0.0166015625
0 0.7197265625 0.974609375 0.033203125 0.0439453125
0 0.228515625 0.859375 0.037109375 0.0380859375
0 0.103515625 0.6826171875 0.0234375 0.033203125
0 0.841796875 0.0107421875 0.029296875 0.021484375
0 0.3232421875 0.7841796875 0.021484375 0.0390625
0 0.830078125 0.3125 0.041015625 0.0126953125
0 0.8271484375 0.2802734375 0.021484375 0.0341796875
0 0.7861328125 0.2802734375 0.041015625 0.0771484375
0 0.8583984375 0.17578125 0.041015625 0.033203125
0 0.7841796875 0.1474609375 0.033203125 0.0478515625
0 0.34375 0.5068359375 0.0341796875 0.0595703125
0 0.3095703125 0.5791015625 0.037109375 0.052734375
0 0.4384765625 0.505859375 0.04296875 0.021484375
0 0.484375 0.4208984375 0.02734375 0.0458984375
0 0.572265625 0.59765625 0.046875 0.1005859375
0 0.5146484375 0.818359375 0.0703125 0.0546875
0 0.6572265625 0.783203125 0.017578125 0.0390625
0 0.6376953125 0.8037109375 0.033203125 0.0380859375
0 0.669921875 0.890625 0.04296875 0.03125
0 0.4775390625 0.9091796875 0.04296875 0.033203125
0 0.279296875 0.6513671875 0.0693359375 0.052734375
0 0.181640625 0.59765625 0.046875 0.0576171875
0 0.0419921875 0.6162109375 0.0546875 0.0576171875