0 0.140625 0.015625 0.0234375 0.03125
0 0.6044921875 0.474609375 0.0234375 0.0341796875
0 0.7626953125 0.64453125 0.0400390625 0.0751953125
0 0.82421875 0.6591796875 0.0546875 0.0390625
0 0.798828125 0.7939453125 0.041015625 0.0458984375
0 0.900390625 0.4990234375 0.033203125 0.021484375
0 0.806640625 0.9658203125 0.033203125 0.033203125
0 0.607421875 0.6845703125 0.02734375 0.021484375
0 0.578125 0.1533203125 0.04296875 0.033203125
0 0.5634765625 0.103515625 0.033203125 0.0234375
0 0.1943359375 0.0615234375 0.0400390625 0.0380859375
0 0.833984375 0.2822265625 0.037109375 0.041015625
0 0.548828125 0.609375 0.04296875 0.0771484375
0 0.6298828125 0.6474609375 0.037109375 0.0576171875
0 0.736328125 0.4970703125 0.0498046875 0.0576171875
0 0.8544921875 0.5927734375 0.033203125 0.0380859375
0 0.8701171875 0.7939453125 0.037109375 0.052734375
0 0.822265625 0.734375 0.041015625 0.0283203125
0 0.7333984375 0.9365234375 0.03125 0.064453125