0 0.7431640625 0.0966796875 0.03125 0.0380859375
0 0.7197265625 0.1533203125 0.033203125 0.021484375
0 0.7646484375 0.21484375 0.03125 0.0439453125
0 0.87890625 0.025390625 0.03125 0.0283203125
0 0.91015625 0.1318359375 0.03125 0.01953125
0 0.91015625 0.087890625 0.033203125 0.0283203125
0 0.7978515625 0.0771484375 0.0234375 0.0234375
0 0.2958984375 0.4033203125 0.0341796875 0.0283203125
0 0.1748046875 0.3349609375 0.03125 0.0439453125
0 0.0986328125 0.294921875 0.029296875 0.041015625
0 0.0087890625 0.4677734375 0.017578125 0.0908203125
0 0.0146484375 0.541015625 0.0283203125 0.0166015625
0 0.1982421875 0.62109375 0.05078125 0.03125
0 0.318359375 0.5625 0.03125 0.0390625
0 0.3232421875 0.6767578125 0.01953125 0.0439453125
0 0.265625 0.6787109375 0.017578125 0.0283203125
0 0.2822265625 0.6904296875 0.0146484375 0.033203125
0 0.3427734375 0.9501953125 0.046875 0.0341796875
0 0.572265625 0.8876953125 0.03125 0.0341796875
0 0.4501953125 0.6845703125 0.037109375 0.064453125
0 0.5888671875 0.607421875 0.03125 0.0546875
0 0.6435546875 0.6826171875 0.01953125 0.033203125
0 0.8193359375 0.70703125 0.01953125 0.052734375
0 0.7607421875 0.890625 0.02734375 0.0283203125
0 0.7353515625 0.9365234375 0.0234375 0.0546875
0 0.77734375 0.9609375 0.02734375 0.0380859375
0 0.9638671875 0.9716796875 0.04296875 0.0234375
0 0.845703125 0.1357421875 0.0341796875 0.05078125
0 0.6318359375 0.2958984375 0.041015625 0.0390625
0 0.64453125 0.359375 0.083984375 0.0576171875
0 0.3388671875 0.3349609375 0.05078125 0.0478515625
0 0.37109375 0.3916015625 0.04296875 0.0654296875
0 0.72265625 0.626953125 0.103515625 0.1376953125
0 0.958984375 0.7392578125 0.060546875 0.0546875
0 0.466796875 0.53515625 0.044921875 0.0771484375
0 0.7255859375 0.8203125 0.0546875 0.052734375
0 0.5 0.9091796875 0.037109375 0.0654296875
0 0.47265625 0.9560546875 0.044921875 0.041015625
0 0.1953125 0.7099609375 0.056640625 0.064453125
0 0.1103515625 0.4326171875 0.04296875 0.0458984375
0 0.2998046875 0.4638671875 0.029296875 0.033203125
0 0.0166015625 0.04296875 0.033203125 0.0693359375
0 0.5517578125 0.658203125 0.052734375 0.0625
0 0.6025390625 0.9013671875 0.037109375 0.0458984375