0 0.8896484375 0.2685546875 0.021484375 0.0478515625
0 0.9296875 0.2470703125 0.0244140625 0.03125
0 0.990234375 0.3310546875 0.017578125 0.0546875
0 0.6376953125 0.3193359375 0.03125 0.0458984375
0 0.4599609375 0.4755859375 0.029296875 0.052734375
0 0.3798828125 0.265625 0.0244140625 0.03125
0 0.3994140625 0.2158203125 0.0146484375 0.0458984375
0 0.32421875 0.1787109375 0.02734375 0.03125
0 0.0361328125 0.1435546875 0.0244140625 0.0390625
0 0.2822265625 0.0068359375 0.0498046875 0.0126953125
0 0.255859375 0.4814453125 0.03125 0.021484375
0 0.28125 0.751953125 0.03125 0.0390625
0 0.40234375 0.7412109375 0.02734375 0.0380859375
0 0.4453125 0.8720703125 0.064453125 0.0283203125
0 0.4345703125 0.9267578125 0.0234375 0.03125
0 0.2861328125 0.97265625 0.02734375 0.0283203125
0 0.2490234375 0.9453125 0.0244140625 0.0390625
0 0.640625 0.7021484375 0.0546875 0.0263671875
0 0.7431640625 0.4814453125 0.033203125 0.0283203125
0 0.7861328125 0.5439453125 0.033203125 0.0458984375
0 0.8525390625 0.4873046875 0.033203125 0.0283203125
0 0.765625 0.3505859375 0.03125 0.0390625
0 0.857421875 0.8876953125 0.0244140625 0.05078125
0 0.943359375 0.982421875 0.0146484375 0.03125
0 0.52734375 0.5283203125 0.037109375 0.03125
0 0.0234375 0.5380859375 0.01953125 0.052734375
0 0.435546875 0.9833984375 0.02734375 0.0234375
0 0.583984375 0.3671875 0.046875 0.03125
0 0.6513671875 0.5419921875 0.052734375 0.0380859375
0 0.68359375 0.490234375 0.033203125 0.0458984375
0 0.6806640625 0.7646484375 0.07421875 0.0625
0 0.837890625 0.8232421875 0.0244140625 0.0380859375
0 0.3359375 0.6962890625 0.033203125 0.064453125
0 0.1962890625 0.6025390625 0.05078125 0.064453125
0 0.2099609375 0.7373046875 0.0400390625 0.064453125
0 0.275390625 0.89453125 0.0732421875 0.033203125
0 0.2900390625 0.2333984375 0.0234375 0.0263671875