0 0.8671875 0.0283203125 0.02734375 0.0380859375
0 0.984375 0.1533203125 0.013671875 0.0439453125
0 0.9443359375 0.173828125 0.01953125 0.0439453125
0 0.7919921875 0.234375 0.0244140625 0.0283203125
0 0.7001953125 0.3193359375 0.0341796875 0.0390625
0 0.7333984375 0.3486328125 0.03125 0.0234375
0 0.765625 0.375 0.01953125 0.0458984375
0 0.880859375 0.4462890625 0.01953125 0.0380859375
0 0.4267578125 0.947265625 0.02734375 0.0390625
0 0.490234375 0.923828125 0.033203125 0.0283203125
0 0.5458984375 0.947265625 0.0244140625 0.033203125
0 0.296875 0.708984375 0.021484375 0.052734375
0 0.2822265625 0.6015625 0.017578125 0.041015625
0 0.35546875 0.53515625 0.02734375 0.0380859375
0 0.1259765625 0.431640625 0.0234375 0.021484375
0 0.130859375 0.7373046875 0.02734375 0.0283203125
0 0.67578125 0.2109375 0.044921875 0.0576171875
0 0.73046875 0.1552734375 0.0341796875 0.0478515625
0 0.923828125 0.2470703125 0.052734375 0.052734375
0 0.853515625 0.3388671875 0.05078125 0.0595703125
0 0.8115234375 0.3095703125 0.05078125 0.0654296875
0 0.89453125 0.734375 0.052734375 0.064453125
0 0.8232421875 0.890625 0.06640625 0.064453125
0 0.05859375 0.5966796875 0.033203125 0.0576171875
0 0.1298828125 0.5009765625 0.0341796875 0.083984375
0 0.1376953125 0.1474609375 0.041015625 0.0283203125
0 0.5029296875 0.8251953125 0.0595703125 0.0439453125