0 0.45703125 0.232421875 0.03125 0.03125
0 0.5322265625 0.302734375 0.0341796875 0.0166015625
0 0.8896484375 0.4638671875 0.0341796875 0.0263671875
0 0.5703125 0.7451171875 0.033203125 0.0625
0 0.205078125 0.638671875 0.037109375 0.03125
0 0.255859375 0.56640625 0.05078125 0.0283203125
0 0.3828125 0.580078125 0.029296875 0.0439453125
0 0.5615234375 0.95703125 0.04296875 0.0390625
0 0.0439453125 0.7001953125 0.021484375 0.041015625
0 0.021484375 0.70703125 0.0234375 0.033203125
0 0.2314453125 0.9794921875 0.017578125 0.0341796875
0 0.166015625 0.947265625 0.033203125 0.033203125
0 0.4052734375 0.4033203125 0.033203125 0.033203125
0 0.5263671875 0.412109375 0.01953125 0.03125
0 0.5400390625 0.384765625 0.02734375 0.033203125
0 0.53515625 0.0849609375 0.03125 0.0283203125
0 0.2705078125 0.5341796875 0.04296875 0.0234375
0 0.9365234375 0.521484375 0.029296875 0.0654296875
0 0.015625 0.1435546875 0.03125 0.0283203125
0 0.427734375 0.45703125 0.05078125 0.0693359375
0 0.0966796875 0.5966796875 0.037109375 0.052734375
0 0.4306640625 0.6826171875 0.056640625 0.033203125
0 0.4697265625 0.7177734375 0.033203125 0.0966796875
0 0.6572265625 0.5263671875 0.0595703125 0.0595703125
0 0.7763671875 0.2470703125 0.037109375 0.064453125
0 0.923828125 0.1376953125 0.033203125 0.052734375
0 0.97265625 0.0927734375 0.046875 0.11328125
0 0.791015625 0.7578125 0.046875 0.072265625
0 0.7119140625 0.970703125 0.06640625 0.052734375
0 0.9638671875 0.822265625 0.021484375 0.0458984375
0 0.6083984375 0.7626953125 0.03125 0.0546875
0 0.3251953125 0.9189453125 0.033203125 0.0546875
0 0.0107421875 0.896484375 0.021484375 0.0390625
0 0.4736328125 0.015625 0.0595703125 0.03125
0 0.5732421875 0.30078125 0.060546875 0.0625
0 0.560546875 0.1123046875 0.037109375 0.0341796875