0 0.236328125 0.359375 0.056640625 0.0380859375
0 0.2138671875 0.517578125 0.05078125 0.0341796875
0 0.0419921875 0.6171875 0.0546875 0.0341796875
0 0.4365234375 0.4072265625 0.0244140625 0.0478515625
0 0.5556640625 0.43359375 0.037109375 0.0439453125
0 0.671875 0.2802734375 0.03125 0.0341796875
0 0.84765625 0.408203125 0.02734375 0.0390625
0 0.462890625 0.2373046875 0.017578125 0.0341796875
0 0.51171875 0.2021484375 0.03125 0.033203125
0 0.4404296875 0.12890625 0.029296875 0.0283203125
0 0.5732421875 0.0751953125 0.033203125 0.0576171875
0 0.6845703125 0.095703125 0.017578125 0.033203125
0 0.8427734375 0.9462890625 0.017578125 0.0771484375
0 0.8876953125 0.9521484375 0.029296875 0.033203125
0 0.9169921875 0.9345703125 0.0244140625 0.0234375
0 0.9736328125 0.8681640625 0.02734375 0.033203125
0 0.666015625 0.9404296875 0.0234375 0.0595703125
0 0.517578125 0.9326171875 0.021484375 0.0458984375
0 0.4375 0.853515625 0.033203125 0.0595703125
0 0.283203125 0.74609375 0.033203125 0.0439453125
0 0.3486328125 0.0771484375 0.03125 0.0595703125
0 0.572265625 0.1533203125 0.02734375 0.0390625
0 0.6494140625 0.08203125 0.041015625 0.0693359375
0 0.5390625 0.1689453125 0.0234375 0.0546875
0 0.8544921875 0.0224609375 0.041015625 0.0439453125
0 0.2763671875 0.09765625 0.05078125 0.0439453125
0 0.2783203125 0.67578125 0.0244140625 0.0390625
0 0.4462890625 0.7001953125 0.041015625 0.041015625
0 0.3017578125 0.8662109375 0.0634765625 0.041015625
0 0.1748046875 0.6474609375 0.041015625 0.0576171875