0 0.1533203125 0.0341796875 0.0341796875 0.0576171875
0 0.193359375 0.046875 0.0234375 0.0283203125
0 0.2021484375 0.1064453125 0.021484375 0.0576171875
0 0.255859375 0.1005859375 0.037109375 0.0390625
0 0.2529296875 0.248046875 0.04296875 0.0234375
0 0.693359375 0.5576171875 0.03125 0.052734375
0 0.740234375 0.5224609375 0.01953125 0.0283203125
0 0.74609375 0.609375 0.046875 0.0380859375
0 0.8828125 0.5078125 0.0400390625 0.033203125
0 0.82421875 0.396484375 0.02734375 0.0390625
0 0.84375 0.4091796875 0.0341796875 0.0390625
0 0.8740234375 0.4326171875 0.033203125 0.0390625
0 0.9658203125 0.423828125 0.0234375 0.0283203125
0 0.9599609375 0.7490234375 0.02734375 0.0546875
0 0.9404296875 0.8720703125 0.017578125 0.0390625
0 0.9111328125 0.927734375 0.029296875 0.0791015625
0 0.39453125 0.5859375 0.0400390625 0.0546875
0 0.12109375 0.755859375 0.02734375 0.03125
0 0.1142578125 0.837890625 0.02734375 0.021484375
0 0.0224609375 0.9521484375 0.021484375 0.033203125
0 0.068359375 0.9560546875 0.03125 0.0478515625
0 0.0146484375 0.8896484375 0.029296875 0.0234375
0 0.134765625 0.9052734375 0.0234375 0.0341796875
0 0.3232421875 0.875 0.03125 0.01953125
0 0.2939453125 0.8896484375 0.0234375 0.0234375
0 0.2724609375 0.900390625 0.021484375 0.021484375
0 0.2529296875 0.95703125 0.0234375 0.0390625
0 0.2265625 0.9755859375 0.02734375 0.033203125
0 0.5146484375 0.837890625 0.033203125 0.0283203125
0 0.5361328125 0.7919921875 0.0244140625 0.0478515625
0 0.55859375 0.7578125 0.0341796875 0.0234375
0 0.611328125 0.806640625 0.017578125 0.0283203125
0 0.5986328125 0.8466796875 0.041015625 0.033203125
0 0.6591796875 0.7939453125 0.021484375 0.052734375
0 0.4970703125 0.654296875 0.041015625 0.0166015625
0 0.4931640625 0.6787109375 0.021484375 0.021484375
0 0.4951171875 0.7109375 0.017578125 0.0146484375
0 0.4677734375 0.705078125 0.0400390625 0.03125
0 0.447265625 0.69140625 0.02734375 0.0283203125
0 0.1728515625 0.4033203125 0.021484375 0.0341796875
0 0.009765625 0.5029296875 0.01953125 0.0390625
0 0.3984375 0.1474609375 0.02734375 0.03125
0 0.51953125 0.1689453125 0.029296875 0.0263671875
0 0.5703125 0.2158203125 0.033203125 0.0439453125
0 0.6083984375 0.087890625 0.052734375 0.0283203125
0 0.640625 0.359375 0.01953125 0.0341796875
0 0.765625 0.0849609375 0.029296875 0.03125
0 0.8701171875 0.228515625 0.037109375 0.033203125
0 0.8115234375 0.2099609375 0.029296875 0.0283203125
0 0.919921875 0.09375 0.0234375 0.033203125
0 0.4208984375 0.2890625 0.0146484375 0.033203125
0 0.4462890625 0.1875 0.033203125 0.0390625
0 0.1484375 0.8515625 0.01953125 0.041015625
0 0.171875 0.8720703125 0.0234375 0.0283203125
0 0.3095703125 0.015625 0.033203125 0.03125
0 0.125 0.3701171875 0.0498046875 0.0458984375
0 0.8115234375 0.15625 0.103515625 0.08203125
0 0.828125 0.2529296875 0.03125 0.0390625
0 0.79296875 0.2685546875 0.0400390625 0.0390625
0 0.630859375 0.25 0.037109375 0.0625
0 0.6279296875 0.3154296875 0.046875 0.064453125
0 0.4658203125 0.3291015625 0.044921875 0.052734375
0 0.443359375 0.4599609375 0.03125 0.0576171875
0 0.4755859375 0.53125 0.037109375 0.0458984375
0 0.357421875 0.359375 0.033203125 0.0380859375
0 0.2978515625 0.46875 0.0498046875 0.052734375
0 0.255859375 0.4345703125 0.0498046875 0.0576171875
0 0.177734375 0.8271484375 0.033203125 0.033203125
0 0.2099609375 0.8564453125 0.05078125 0.0908203125
0 0.1953125 0.923828125 0.037109375 0.0478515625
0 0.048828125 0.849609375 0.05078125 0.05078125
0 0.083984375 0.89453125 0.044921875 0.033203125
0 0.736328125 0.7138671875 0.046875 0.0458984375
0 0.7138671875 0.7470703125 0.0703125 0.134765625
0 0.7666015625 0.8505859375 0.041015625 0.0390625
0 0.384765625 0.822265625 0.03125 0.0458984375
0 0.505859375 0.0498046875 0.033203125 0.0341796875
0 0.970703125 0.51953125 0.04296875 0.0595703125
0 0.9521484375 0.4658203125 0.02734375 0.0458984375
0 0.173828125 0.2099609375 0.04296875 0.083984375
0 0.296875 0.220703125 0.04296875 0.0654296875
0 0.4091796875 0.6591796875 0.041015625 0.033203125