0 0.7236328125 0.0498046875 0.041015625 0.0283203125
0 0.693359375 0.125 0.03125 0.0458984375
0 0.6572265625 0.2060546875 0.046875 0.0263671875
0 0.4990234375 0.3544921875 0.041015625 0.0380859375
0 0.9111328125 0.423828125 0.046875 0.021484375
0 0.7763671875 0.587890625 0.03125 0.0283203125
0 0.7099609375 0.642578125 0.01953125 0.0341796875
0 0.3642578125 0.5810546875 0.017578125 0.041015625
0 0.212890625 0.3857421875 0.02734375 0.064453125
0 0.171875 0.1533203125 0.03125 0.0263671875
0 0.1962890625 0.1279296875 0.03125 0.0390625
0 0.4306640625 0.8134765625 0.044921875 0.0341796875
0 0.7919921875 0.958984375 0.017578125 0.033203125
0 0.9482421875 0.875 0.01953125 0.0458984375
0 0.3525390625 0.759765625 0.041015625 0.052734375
0 0.900390625 0.015625 0.033203125 0.03125
0 0.2841796875 0.6220703125 0.04296875 0.0595703125
0 0.6650390625 0.615234375 0.056640625 0.0625
0 0.95703125 0.56640625 0.05078125 0.0703125
0 0.7744140625 0.64453125 0.03125 0.0458984375