0 0.884765625 0.1171875 0.02734375 0.03125
0 0.802734375 0.1962890625 0.01953125 0.0380859375
0 0.849609375 0.2119140625 0.03125 0.0263671875
0 0.9599609375 0.279296875 0.03125 0.0166015625
0 0.6630859375 0.337890625 0.0341796875 0.021484375
0 0.4111328125 0.25 0.0244140625 0.0625
0 0.2939453125 0.1904296875 0.021484375 0.033203125
0 0.333984375 0.150390625 0.021484375 0.064453125
0 0.1943359375 0.3251953125 0.0400390625 0.0390625
0 0.16796875 0.2001953125 0.0703125 0.052734375
0 0.5576171875 0.1513671875 0.0234375 0.0595703125
0 0.83203125 0.515625 0.021484375 0.0439453125
0 0.896484375 0.5498046875 0.041015625 0.05078125
0 0.8623046875 0.61328125 0.041015625 0.0166015625
0 0.8984375 0.6787109375 0.037109375 0.0283203125
0 0.9765625 0.5537109375 0.01953125 0.0380859375
0 0.62109375 0.5927734375 0.02734375 0.0283203125
0 0.568359375 0.576171875 0.017578125 0.041015625
0 0.591796875 0.7626953125 0.021484375 0.0478515625
0 0.2568359375 0.6142578125 0.033203125 0.03125
0 0.056640625 0.640625 0.037109375 0.03125
0 0.033203125 0.3291015625 0.03125 0.0595703125
0 0.08203125 0.8662109375 0.02734375 0.041015625
0 0.3671875 0.7724609375 0.033203125 0.083984375
0 0.388671875 0.6982421875 0.046875 0.03125
0 0.72265625 0.962890625 0.0341796875 0.064453125
0 0.7890625 0.896484375 0.021484375 0.0595703125
0 0.74609375 0.76953125 0.021484375 0.0263671875
0 0.4765625 0.7607421875 0.0244140625 0.0146484375
0 0.3134765625 0.705078125 0.033203125 0.0283203125
0 0.0556640625 0.55078125 0.01953125 0.0390625
0 0.2421875 0.0107421875 0.01953125 0.021484375
0 0.7421875 0.2119140625 0.044921875 0.033203125
0 0.5986328125 0.921875 0.029296875 0.064453125
0 0.861328125 0.1435546875 0.02734375 0.0888671875
0 0.85546875 0.40234375 0.0771484375 0.05078125
0 0.578125 0.05078125 0.033203125 0.1015625
0 0.279296875 0.0283203125 0.0595703125 0.0263671875
0 0.33203125 0.2509765625 0.0498046875 0.0341796875
0 0.3017578125 0.3388671875 0.02734375 0.052734375
0 0.2958984375 0.408203125 0.044921875 0.0751953125
0 0.068359375 0.4345703125 0.037109375 0.064453125
0 0.6904296875 0.2177734375 0.041015625 0.05078125
0 0.748046875 0.044921875 0.041015625 0.03125
0 0.736328125 0.7021484375 0.0498046875 0.0263671875
0 0.412109375 0.6181640625 0.056640625 0.052734375
0 0.2548828125 0.81640625 0.044921875 0.03125
0 0.154296875 0.8671875 0.037109375 0.05078125
0 0.01953125 0.7275390625 0.0390625 0.052734375