0 0.7255859375 0.3271484375 0.037109375 0.0234375
0 0.8271484375 0.41015625 0.04296875 0.064453125
0 0.8369140625 0.328125 0.0234375 0.03125
0 0.861328125 0.28515625 0.046875 0.0283203125
0 0.2333984375 0.1953125 0.0234375 0.052734375
0 0.1982421875 0.1728515625 0.037109375 0.0234375
0 0.392578125 0.2158203125 0.021484375 0.0595703125
0 0.1845703125 0.4599609375 0.021484375 0.03125
0 0.216796875 0.4541015625 0.0341796875 0.0166015625
0 0.24609375 0.533203125 0.03125 0.0166015625
0 0.21875 0.5146484375 0.013671875 0.052734375
0 0.0458984375 0.265625 0.0400390625 0.021484375
0 0.078125 0.1435546875 0.0107421875 0.0478515625
0 0.3515625 0.5849609375 0.0341796875 0.0341796875
0 0.611328125 0.69140625 0.0244140625 0.0439453125
0 0.4892578125 0.8828125 0.033203125 0.0341796875
0 0.5390625 0.857421875 0.041015625 0.041015625
0 0.3583984375 0.9501953125 0.033203125 0.052734375
0 0.302734375 0.103515625 0.0400390625 0.0234375
0 0.6875 0.4833984375 0.04296875 0.01953125
0 0.6435546875 0.4873046875 0.064453125 0.0390625
0 0.64453125 0.5380859375 0.029296875 0.0263671875
0 0.74609375 0.4951171875 0.03125 0.0234375
0 0.6328125 0.44140625 0.0234375 0.0283203125
0 0.4306640625 0.1318359375 0.017578125 0.0693359375
0 0.2421875 0.3251953125 0.02734375 0.041015625
0 0.80859375 0.2109375 0.080078125 0.072265625
0 0.7529296875 0.400390625 0.037109375 0.0341796875
0 0.697265625 0.53125 0.056640625 0.0458984375
0 0.6337890625 0.1083984375 0.064453125 0.095703125
0 0.5078125 0.1435546875 0.056640625 0.0283203125
0 0.9228515625 0.142578125 0.0595703125 0.0546875
0 0.2978515625 0.3935546875 0.033203125 0.05078125
0 0.2587890625 0.59765625 0.044921875 0.0439453125
0 0.8115234375 0.9208984375 0.05078125 0.0263671875
0 0.2412109375 0.109375 0.06640625 0.083984375
0 0.203125 0.0107421875 0.03125 0.021484375