0 0.6787109375 0.17578125 0.080078125 0.03515625
0 0.267578125 0.5400390625 0.0380859375 0.076171875
0 0.205078125 0.822265625 0.0400390625 0.0478515625
0 0.3076171875 0.9345703125 0.037109375 0.046875
0 0.265625 0.796875 0.0283203125 0.048828125
0 0.732421875 0.580078125 0.064453125 0.025390625
0 0.3798828125 0.6796875 0.08203125 0.083984375
0 0.95703125 0.5654296875 0.0400390625 0.0302734375
0 0.9833984375 0.896484375 0.02734375 0.05859375
0 0.666015625 0.2685546875 0.0537109375 0.048828125
0 0.9580078125 0.451171875 0.046875 0.05859375
0 0.2578125 0.2880859375 0.0302734375 0.0439453125
0 0.12109375 0.4609375 0.0283203125 0.0478515625