0 0.1240234375 0.75 0.02734375 0.0712890625
0 0.1376953125 0.685546875 0.0419921875 0.0361328125
0 0.0634765625 0.6259765625 0.0703125 0.0673828125
0 0.3203125 0.6767578125 0.0498046875 0.0439453125
0 0.5029296875 0.8125 0.0595703125 0.037109375
0 0.6181640625 0.9248046875 0.0498046875 0.0302734375
0 0.7138671875 0.8505859375 0.046875 0.0556640625
0 0.8134765625 0.8662109375 0.0400390625 0.05859375
0 0.8564453125 0.193359375 0.0322265625 0.072265625
0 0.1728515625 0.3125 0.02734375 0.041015625
0 0.154296875 0.4599609375 0.0439453125 0.02734375
0 0.1728515625 0.8984375 0.0595703125 0.041015625
0 0.248046875 0.8232421875 0.0498046875 0.0302734375
0 0.2431640625 0.775390625 0.037109375 0.083984375
0 0.552734375 0.501953125 0.0283203125 0.0458984375
0 0.568359375 0.44140625 0.0234375 0.033203125
0 0.609375 0.4609375 0.02734375 0.025390625
0 0.4169921875 0.1591796875 0.037109375 0.0458984375
0 0.779296875 0.4482421875 0.0205078125 0.0341796875
0 0.90234375 0.4501953125 0.0234375 0.025390625
0 0.9365234375 0.4296875 0.0322265625 0.0419921875
0 0.6767578125 0.5625 0.029296875 0.0595703125
0 0.185546875 0.41796875 0.0302734375 0.05859375
0 0.2529296875 0.404296875 0.0302734375 0.06640625
0 0.34375 0.115234375 0.06640625 0.0322265625
0 0.7470703125 0.3701171875 0.03515625 0.068359375