0 0.1240234375 0.236328125 0.0390625 0.0439453125
0 0.33984375 0.4453125 0.0302734375 0.060546875
0 0.5595703125 0.4755859375 0.02734375 0.05078125
0 0.5546875 0.7060546875 0.048828125 0.04296875
0 0.3623046875 0.6826171875 0.068359375 0.0556640625
0 0.7314453125 0.732421875 0.0517578125 0.0537109375
0 0.8349609375 0.4375 0.056640625 0.0478515625
0 0.2216796875 0.9541015625 0.0751953125 0.05078125
0 0.443359375 0.0888671875 0.0478515625 0.0625
0 0.2275390625 0.533203125 0.037109375 0.037109375
0 0.00390625 0.37109375 0.0078125 0.015625
0 0.0302734375 0.3955078125 0.0556640625 0.0458984375
0 0.3837890625 0.279296875 0.0390625 0.0322265625
0 0.3583984375 0.8388671875 0.0517578125 0.04296875
0 0.056640625 0.1259765625 0.0380859375 0.052734375