0 0.4033203125 0.544921875 0.0751953125 0.0380859375
0 0.4609375 0.3515625 0.0419921875 0.044921875
0 0.3994140625 0.748046875 0.0302734375 0.072265625
0 0.419921875 0.646484375 0.0419921875 0.0595703125
0 0.7275390625 0.626953125 0.0283203125 0.052734375
0 0.6376953125 0.6748046875 0.029296875 0.07421875
0 0.25390625 0.9345703125 0.0322265625 0.0810546875
0 0.0634765625 0.94140625 0.044921875 0.03515625
0 0.3486328125 0.8896484375 0.0458984375 0.0390625
0 0.599609375 0.8134765625 0.0234375 0.0654296875
0 0.2158203125 0.052734375 0.025390625 0.0537109375
0 0.736328125 0.1328125 0.087890625 0.037109375
0 0.5595703125 0.095703125 0.0224609375 0.0673828125
0 0.697265625 0.1943359375 0.0244140625 0.09765625
0 0.705078125 0.0498046875 0.0234375 0.0771484375
0 0.7275390625 0.080078125 0.0283203125 0.076171875
0 0.6962890625 0.7958984375 0.029296875 0.0478515625
0 0.908203125 0.6689453125 0.017578125 0.0888671875
0 0.939453125 0.5185546875 0.0234375 0.05859375