0 0.115234375 0.8984375 0.021484375 0.0576171875
0 0.0908203125 0.83203125 0.0126953125 0.0166015625
0 0.103515625 0.8701171875 0.025390625 0.0771484375
0 0.4912109375 0.8388671875 0.0234375 0.052734375
0 0.5302734375 0.8994140625 0.0234375 0.07421875
0 0.455078125 0.703125 0.0322265625 0.083984375
0 0.3544921875 0.748046875 0.0390625 0.056640625
0 0.228515625 0.56640625 0.048828125 0.04296875
0 0.244140625 0.529296875 0.0234375 0.0537109375
0 0.279296875 0.55078125 0.0302734375 0.068359375
0 0.4716796875 0.2744140625 0.0185546875 0.0693359375
0 0.685546875 0.3837890625 0.0341796875 0.0693359375
0 0.7041015625 0.564453125 0.021484375 0.0693359375
0 0.6748046875 0.951171875 0.037109375 0.0302734375
0 0.875 0.8193359375 0.0302734375 0.072265625
0 0.9267578125 0.88671875 0.0732421875 0.052734375
0 0.896484375 0.9267578125 0.0283203125 0.0625
0 0.9677734375 0.9501953125 0.0498046875 0.068359375
0 0.66015625 0.26171875 0.0517578125 0.037109375
0 0.693359375 0.224609375 0.0732421875 0.0380859375
0 0.640625 0.048828125 0.0322265625 0.07421875
0 0.720703125 0.033203125 0.0634765625 0.0380859375
0 0.03515625 0.380859375 0.0439453125 0.0546875
0 0.08984375 0.142578125 0.0556640625 0.0419921875
0 0.12109375 0.1201171875 0.0322265625 0.0595703125
0 0.1787109375 0.388671875 0.044921875 0.0654296875
0 0.12890625 0.5478515625 0.0439453125 0.05078125
0 0.154296875 0.0576171875 0.048828125 0.052734375
0 0.70703125 0.677734375 0.037109375 0.087890625