0 0.65234375 0.1826171875 0.0322265625 0.0869140625
0 0.462890625 0.1318359375 0.076171875 0.03125
0 0.4990234375 0.05859375 0.0341796875 0.0576171875
0 0.15625 0.5654296875 0.05078125 0.0478515625
0 0.4111328125 0.2958984375 0.0615234375 0.0791015625
0 0.732421875 0.9482421875 0.087890625 0.04296875
0 0.5205078125 0.6826171875 0.0546875 0.0390625
0 0.0986328125 0.4052734375 0.0263671875 0.072265625
0 0.36328125 0.14453125 0.05859375 0.0693359375
0 0.3720703125 0.7412109375 0.0390625 0.076171875
0 0.4716796875 0.7412109375 0.0185546875 0.0693359375
0 0.5380859375 0.6181640625 0.0439453125 0.076171875
0 0.015625 0.837890625 0.03125 0.0361328125