0 0.580078125 0.25 0.0244140625 0.0771484375
0 0.3642578125 0.4404296875 0.0556640625 0.0400390625
0 0.3994140625 0.1259765625 0.0341796875 0.0576171875
0 0.6689453125 0.2978515625 0.04296875 0.0576171875
0 0.3310546875 0.5439453125 0.021484375 0.052734375
0 0.3359375 0.580078125 0.0498046875 0.0341796875
0 0.4658203125 0.3994140625 0.04296875 0.041015625
0 0.5078125 0.4853515625 0.03515625 0.03515625
0 0.626953125 0.5830078125 0.03125 0.0478515625
0 0.5654296875 0.9013671875 0.046875 0.0625
0 0.5751953125 0.857421875 0.025390625 0.0556640625
0 0.931640625 0.119140625 0.037109375 0.0322265625
0 0.9228515625 0.150390625 0.037109375 0.0576171875
0 0.0419921875 0.20703125 0.056640625 0.0478515625