0 0.8818359375 0.3759765625 0.0654296875 0.044921875
0 0.302734375 0.4951171875 0.0556640625 0.0595703125
0 0.1513671875 0.2265625 0.0634765625 0.0498046875
0 0.3349609375 0.0986328125 0.0322265625 0.072265625
0 0.259765625 0.568359375 0.0556640625 0.0576171875
0 0.0224609375 0.9248046875 0.04296875 0.0478515625
0 0.1435546875 0.408203125 0.046875 0.0546875
0 0.2412109375 0.4150390625 0.0634765625 0.0322265625
0 0.3056640625 0.697265625 0.0478515625 0.0283203125
0 0.4169921875 0.8046875 0.0419921875 0.044921875
0 0.7412109375 0.61328125 0.0302734375 0.03515625
0 0.8623046875 0.1884765625 0.0390625 0.03515625
0 0.484375 0.5869140625 0.04296875 0.107421875