0 0.263671875 0.5927734375 0.021484375 0.0419921875
0 0.2919921875 0.5732421875 0.0302734375 0.0537109375
0 0.3408203125 0.7412109375 0.0302734375 0.1025390625
0 0.431640625 0.552734375 0.0234375 0.0458984375
0 0.431640625 0.5146484375 0.0283203125 0.04296875
0 0.6123046875 0.5244140625 0.0302734375 0.1044921875
0 0.701171875 0.4619140625 0.0380859375 0.0400390625
0 0.47265625 0.2451171875 0.0302734375 0.052734375
0 0.4716796875 0.3037109375 0.056640625 0.064453125
0 0.0185546875 0.67578125 0.037109375 0.0556640625
0 0.5595703125 0.0322265625 0.0380859375 0.060546875