0 0.576171875 0.3115234375 0.046875 0.0390625
0 0.57421875 0.3876953125 0.0322265625 0.037109375
0 0.947265625 0.552734375 0.046875 0.0595703125
0 0.7109375 0.5576171875 0.041015625 0.07421875
0 0.5693359375 0.64453125 0.048828125 0.044921875
0 0.9130859375 0.94921875 0.044921875 0.0478515625
0 0.80078125 0.958984375 0.044921875 0.0673828125
0 0.697265625 0.8193359375 0.0322265625 0.0791015625
0 0.6357421875 0.896484375 0.03515625 0.1044921875
0 0.591796875 0.8935546875 0.0263671875 0.09375
0 0.2138671875 0.25390625 0.0244140625 0.029296875
0 0.1298828125 0.169921875 0.0576171875 0.044921875
0 0.2177734375 0.1923828125 0.0205078125 0.048828125
0 0.46484375 0.2861328125 0.0341796875 0.044921875
0 0.3359375 0.66796875 0.07421875 0.0625
0 0.07421875 0.9189453125 0.0751953125 0.0576171875
0 0.1767578125 0.947265625 0.1015625 0.0439453125
0 0.4443359375 0.15625 0.048828125 0.04296875