0 0.396484375 0.650390625 0.0458984375 0.041015625
0 0.447265625 0.63671875 0.0205078125 0.064453125
0 0.46484375 0.7802734375 0.0283203125 0.091796875
0 0.1123046875 0.63671875 0.0458984375 0.04296875
0 0.25 0.283203125 0.0380859375 0.0625
0 0.7060546875 0.2177734375 0.0322265625 0.087890625
0 0.6328125 0.1884765625 0.033203125 0.044921875
0 0.1748046875 0.0546875 0.021484375 0.052734375
0 0.4375 0.455078125 0.03515625 0.0390625
0 0.4375 0.5224609375 0.033203125 0.0537109375
0 0.5498046875 0.4580078125 0.0302734375 0.0908203125
0 0.7138671875 0.3857421875 0.0234375 0.0859375
0 0.7646484375 0.0927734375 0.0234375 0.08984375
0 0.9501953125 0.427734375 0.048828125 0.0390625
0 0.705078125 0.861328125 0.0224609375 0.046875
0 0.1552734375 0.642578125 0.0400390625 0.0673828125
0 0.263671875 0.708984375 0.0537109375 0.072265625
0 0.619140625 0.826171875 0.046875 0.0771484375
0 0.3798828125 0.85546875 0.0751953125 0.033203125
0 0.5048828125 0.3837890625 0.02734375 0.0791015625
0 0.6337890625 0.267578125 0.033203125 0.08984375
0 0.7783203125 0.29296875 0.0302734375 0.0634765625
0 0.9072265625 0.357421875 0.0390625 0.0537109375
0 0.59765625 0.384765625 0.0302734375 0.06640625
0 0.623046875 0.390625 0.0283203125 0.05859375
0 0.666015625 0.4296875 0.0439453125 0.064453125
0 0.6572265625 0.962890625 0.0830078125 0.04296875
0 0.05859375 0.76171875 0.0263671875 0.0830078125
0 0.4814453125 0.0947265625 0.044921875 0.033203125
0 0.455078125 0.08984375 0.044921875 0.095703125
0 0.1279296875 0.15234375 0.0283203125 0.08203125
0 0.1689453125 0.203125 0.0390625 0.076171875
0 0.5517578125 0.6328125 0.0517578125 0.03125
0 0.4736328125 0.1923828125 0.03125 0.0478515625
0 0.49609375 0.52734375 0.0400390625 0.1044921875