0 0.384765625 0.044921875 0.017578125 0.08203125
0 0.0458984375 0.40234375 0.025390625 0.05859375
0 0.0693359375 0.39453125 0.0185546875 0.072265625
0 0.7607421875 0.185546875 0.0419921875 0.033203125
0 0.37109375 0.71875 0.0341796875 0.0927734375
0 0.47265625 0.73046875 0.05078125 0.0390625
0 0.5146484375 0.6513671875 0.0517578125 0.0322265625
0 0.5986328125 0.6220703125 0.0322265625 0.0458984375
0 0.7255859375 0.0146484375 0.021484375 0.0283203125
0 0.6416015625 0.0234375 0.0166015625 0.037109375
0 0.49609375 0.0654296875 0.0390625 0.044921875
0 0.7333984375 0.21484375 0.025390625 0.0625
0 0.74609375 0.357421875 0.041015625 0.083984375
0 0.578125 0.9560546875 0.029296875 0.0478515625
0 0.1396484375 0.9375 0.0341796875 0.04296875
0 0.5947265625 0.37890625 0.033203125 0.06640625
0 0.6201171875 0.3330078125 0.0322265625 0.0791015625
0 0.7587890625 0.0888671875 0.0634765625 0.0380859375
0 0.24609375 0.0830078125 0.0380859375 0.0390625
0 0.4287109375 0.6279296875 0.017578125 0.0654296875
0 0.3359375 0.21875 0.0439453125 0.0283203125
0 0.3408203125 0.1611328125 0.0390625 0.0283203125
0 0.3408203125 0.1298828125 0.0390625 0.0224609375
0 0.4658203125 0.1826171875 0.03125 0.0576171875
0 0.509765625 0.392578125 0.03515625 0.0576171875
0 0.4970703125 0.2744140625 0.02734375 0.072265625
0 0.1279296875 0.5087890625 0.044921875 0.0478515625
0 0.275390625 0.3896484375 0.05078125 0.0322265625
0 0.3173828125 0.724609375 0.044921875 0.0673828125
0 0.33203125 0.955078125 0.03515625 0.0673828125
0 0.955078125 0.7294921875 0.029296875 0.0859375
0 0.8681640625 0.3037109375 0.048828125 0.05078125
0 0.7412109375 0.5166015625 0.04296875 0.0419921875
0 0.0751953125 0.64453125 0.060546875 0.0400390625
0 0.703125 0.130859375 0.04296875 0.0458984375
0 0.4716796875 0.650390625 0.0263671875 0.0625
0 0.6650390625 0.587890625 0.0556640625 0.0283203125
0 0.70703125 0.5625 0.0234375 0.0625
0 0.1044921875 0.8642578125 0.0283203125 0.099609375