0 0.4296875 0.1298828125 0.0498046875 0.0703125
0 0.5908203125 0.0810546875 0.0302734375 0.0439453125
0 0.88671875 0.421875 0.05859375 0.0703125
0 0.6943359375 0.4599609375 0.04296875 0.0859375
0 0.7021484375 0.83984375 0.05859375 0.0478515625
0 0.251953125 0.705078125 0.03515625 0.0771484375
0 0.2890625 0.4658203125 0.048828125 0.0947265625
0 0.2353515625 0.86328125 0.064453125 0.0302734375
0 0.2822265625 0.8310546875 0.033203125 0.07421875
0 0.71484375 0.6162109375 0.0380859375 0.052734375
0 0.6181640625 0.4150390625 0.0380859375 0.111328125
0 0.5556640625 0.224609375 0.02734375 0.076171875
0 0.490234375 0.6328125 0.076171875 0.05078125