0 0.5205078125 0.736328125 0.048828125 0.0791015625
0 0.4765625 0.4775390625 0.029296875 0.0849609375
0 0.677734375 0.2666015625 0.0634765625 0.0400390625
0 0.3955078125 0.123046875 0.0673828125 0.0478515625
0 0.8046875 0.3515625 0.04296875 0.08984375
0 0.7578125 0.7421875 0.0341796875 0.0751953125
0 0.3447265625 0.892578125 0.0322265625 0.08203125
0 0.26953125 0.2001953125 0.03125 0.09765625
0 0.1806640625 0.455078125 0.052734375 0.09375
0 0.3251953125 0.6484375 0.076171875 0.05859375
0 0.8505859375 0.2001953125 0.029296875 0.072265625
0 0.8017578125 0.11328125 0.017578125 0.0771484375
0 0.2216796875 0.8095703125 0.0703125 0.0634765625