0 0.09375 0.029296875 0.0263671875 0.0576171875
0 0.6220703125 0.3623046875 0.044921875 0.0625
0 0.580078125 0.4248046875 0.04296875 0.09765625
0 0.630859375 0.53515625 0.0341796875 0.099609375
0 0.654296875 0.490234375 0.0654296875 0.044921875
0 0.2099609375 0.35546875 0.0244140625 0.0673828125
0 0.25390625 0.34765625 0.0751953125 0.072265625
0 0.044921875 0.8837890625 0.037109375 0.0888671875
0 0.6494140625 0.70703125 0.0126953125 0.0166015625
0 0.330078125 0.654296875 0.0458984375 0.02734375
0 0.37890625 0.64453125 0.04296875 0.04296875
0 0.50390625 0.6083984375 0.03515625 0.0673828125
0 0.51953125 0.6640625 0.025390625 0.0380859375
0 0.5283203125 0.6357421875 0.0341796875 0.0234375
0 0.4111328125 0.78125 0.0234375 0.06640625