0 0.201171875 0.0439453125 0.0439453125 0.0537109375
0 0.4765625 0.044921875 0.0302734375 0.03515625
0 0.5859375 0.04296875 0.037109375 0.0556640625
0 0.2802734375 0.099609375 0.0634765625 0.0576171875
0 0.3740234375 0.3544921875 0.037109375 0.0810546875
0 0.2890625 0.330078125 0.0615234375 0.0302734375
0 0.1435546875 0.4755859375 0.033203125 0.0537109375
0 0.22265625 0.6318359375 0.029296875 0.0927734375
0 0.2275390625 0.849609375 0.033203125 0.0791015625
0 0.2294921875 0.9482421875 0.0439453125 0.052734375
0 0.861328125 0.052734375 0.0400390625 0.04296875
0 0.9326171875 0.478515625 0.0419921875 0.05078125
0 0.7841796875 0.7451171875 0.025390625 0.0283203125
0 0.0185546875 0.0322265625 0.03515625 0.041015625