0 0.3740234375 0.48828125 0.0224609375 0.0556640625
0 0.533203125 0.3037109375 0.017578125 0.05078125
0 0.529296875 0.5595703125 0.064453125 0.03515625
0 0.224609375 0.03515625 0.0478515625 0.0400390625
0 0.708984375 0.1201171875 0.021484375 0.107421875
0 0.75 0.208984375 0.0517578125 0.09765625
0 0.787109375 0.2255859375 0.0283203125 0.0908203125
0 0.669921875 0.6572265625 0.017578125 0.05859375
0 0.423828125 0.7880859375 0.0703125 0.04296875
0 0.4619140625 0.8828125 0.0439453125 0.06640625
0 0.6044921875 0.935546875 0.05859375 0.033203125
0 0.830078125 0.728515625 0.03515625 0.0478515625
0 0.896484375 0.3759765625 0.0634765625 0.0478515625
0 0.97265625 0.40234375 0.0537109375 0.048828125
0 0.34765625 0.77734375 0.05078125 0.033203125
0 0.2373046875 0.4716796875 0.037109375 0.052734375
0 0.3349609375 0.1474609375 0.0390625 0.0888671875
0 0.4326171875 0.0771484375 0.0302734375 0.08203125
0 0.5439453125 0.15234375 0.0390625 0.048828125
0 0.7119140625 0.259765625 0.0185546875 0.0478515625
0 0.0283203125 0.03125 0.029296875 0.048828125
0 0.734375 0.6162109375 0.0537109375 0.03515625