0 0.24609375 0.8525390625 0.0390625 0.0927734375
0 0.7353515625 0.9208984375 0.1005859375 0.080078125
0 0.5 0.392578125 0.0302734375 0.0576171875
0 0.3330078125 0.4501953125 0.0322265625 0.064453125
0 0.6689453125 0.5947265625 0.04296875 0.03515625
0 0.7978515625 0.150390625 0.03515625 0.064453125
0 0.51171875 0.2275390625 0.044921875 0.05078125
0 0.5439453125 0.1494140625 0.025390625 0.0693359375
0 0.8291015625 0.33203125 0.0419921875 0.0556640625
0 0.1708984375 0.3359375 0.0322265625 0.0673828125
0 0.4091796875 0.5498046875 0.03515625 0.05078125
0 0.6162109375 0.427734375 0.0419921875 0.0537109375
0 0.6083984375 0.240234375 0.0302734375 0.0654296875
0 0.634765625 0.546875 0.04296875 0.041015625
0 0.98046875 0.8046875 0.0302734375 0.072265625