0 0.7294921875 0.470703125 0.0224609375 0.0849609375
0 0.6103515625 0.57421875 0.0302734375 0.08203125
0 0.3779296875 0.3173828125 0.03515625 0.0732421875
0 0.0830078125 0.4130859375 0.048828125 0.0439453125
0 0.5517578125 0.490234375 0.0439453125 0.076171875
0 0.2880859375 0.966796875 0.0263671875 0.0634765625
0 0.1240234375 0.2783203125 0.0390625 0.0712890625
0 0.2587890625 0.529296875 0.0302734375 0.0703125
0 0.5810546875 0.2451171875 0.03515625 0.0859375
0 0.720703125 0.333984375 0.04296875 0.087890625
0 0.29296875 0.6875 0.03515625 0.0556640625
0 0.310546875 0.0771484375 0.0380859375 0.0771484375