0 0.328125 0.7138671875 0.03125 0.0625
0 0.2421875 0.7197265625 0.0341796875 0.0791015625
0 0.0400390625 0.640625 0.02734375 0.07421875
0 0.08984375 0.4658203125 0.033203125 0.0439453125
0 0.1298828125 0.140625 0.025390625 0.0625
0 0.15625 0.1357421875 0.0517578125 0.0693359375
0 0.5908203125 0.4375 0.0654296875 0.03515625
0 0.6796875 0.6875 0.0615234375 0.0390625
0 0.8359375 0.7080078125 0.0537109375 0.0673828125
0 0.8193359375 0.927734375 0.0546875 0.083984375
0 0.3154296875 0.9267578125 0.025390625 0.0654296875
0 0.5439453125 0.4150390625 0.0537109375 0.025390625