0 0.0302734375 0.5673828125 0.0302734375 0.0498046875
0 0.216796875 0.5322265625 0.0556640625 0.0390625
0 0.1396484375 0.6220703125 0.048828125 0.0546875
0 0.4345703125 0.5673828125 0.029296875 0.0791015625
0 0.443359375 0.939453125 0.0234375 0.0869140625
0 0.6220703125 0.5654296875 0.0478515625 0.03515625
0 0.771484375 0.8671875 0.05078125 0.0439453125
0 0.8935546875 0.44140625 0.0400390625 0.0810546875
0 0.0576171875 0.8603515625 0.0390625 0.07421875
0 0.33984375 0.607421875 0.033203125 0.0703125
0 0.34765625 0.96484375 0.0419921875 0.0576171875