0 0.2490234375 0.8173828125 0.0771484375 0.041015625
0 0.2646484375 0.6669921875 0.048828125 0.0419921875
0 0.20703125 0.466796875 0.0595703125 0.033203125
0 0.2412109375 0.494140625 0.0322265625 0.0771484375
0 0.3671875 0.4755859375 0.0634765625 0.041015625
0 0.640625 0.658203125 0.0283203125 0.0625
0 0.8330078125 0.4833984375 0.029296875 0.0693359375
0 0.8505859375 0.4892578125 0.0322265625 0.07421875
0 0.6455078125 0.458984375 0.0927734375 0.037109375
0 0.7119140625 0.4619140625 0.0263671875 0.033203125
0 0.751953125 0.4921875 0.0654296875 0.02734375
0 0.9375 0.03515625 0.064453125 0.06640625
0 0.9755859375 0.1513671875 0.048828125 0.0302734375
0 0.0166015625 0.1630859375 0.033203125 0.048828125
0 0.5048828125 0.373046875 0.05859375 0.0458984375
0 0.5869140625 0.3759765625 0.02734375 0.083984375
0 0.3232421875 0.9853515625 0.037109375 0.02734375