0 0.5341796875 0.5185546875 0.0751953125 0.0478515625
0 0.560546875 0.474609375 0.03125 0.0673828125
0 0.59765625 0.1884765625 0.046875 0.0927734375
0 0.900390625 0.20703125 0.05859375 0.0595703125
0 0.67578125 0.478515625 0.041015625 0.0546875
0 0.64453125 0.0537109375 0.0205078125 0.0625
0 0.560546875 0.7158203125 0.0234375 0.0771484375
0 0.21875 0.75 0.0341796875 0.0625
0 0.25390625 0.51953125 0.0537109375 0.0537109375
0 0.3984375 0.6142578125 0.037109375 0.037109375
0 0.396484375 0.6826171875 0.0595703125 0.0478515625
0 0.3974609375 0.740234375 0.0322265625 0.0576171875
0 0.498046875 0.8154296875 0.0283203125 0.0654296875
0 0.56640625 0.83203125 0.0302734375 0.0791015625
0 0.888671875 0.0390625 0.0302734375 0.0673828125
0 0.5234375 0.1875 0.0439453125 0.0458984375