0 0.1533203125 0.205078125 0.041015625 0.07421875
0 0.455078125 0.392578125 0.04296875 0.0322265625
0 0.5400390625 0.3154296875 0.046875 0.037109375
0 0.6044921875 0.1865234375 0.029296875 0.0546875
0 0.421875 0.75390625 0.0341796875 0.0849609375
0 0.4765625 0.775390625 0.048828125 0.0625
0 0.5263671875 0.7607421875 0.0224609375 0.0673828125
0 0.5185546875 0.90234375 0.025390625 0.09765625
0 0.5888671875 0.7900390625 0.03515625 0.0625
0 0.587890625 0.8212890625 0.041015625 0.044921875
0 0.734375 0.6669921875 0.04296875 0.0791015625
0 0.3583984375 0.17578125 0.029296875 0.0322265625
0 0.3837890625 0.2158203125 0.0244140625 0.0478515625
0 0.4462890625 0.224609375 0.0263671875 0.0546875
0 0.392578125 0.130859375 0.029296875 0.0625