0 0.8642578125 0.5888671875 0.0341796875 0.0771484375
0 0.962890625 0.3408203125 0.0224609375 0.083984375
0 0.8583984375 0.2880859375 0.029296875 0.107421875
0 0.640625 0.48046875 0.029296875 0.0595703125
0 0.6083984375 0.53125 0.0224609375 0.0673828125
0 0.7001953125 0.64453125 0.048828125 0.08984375
0 0.556640625 0.78515625 0.03515625 0.0625
0 0.3115234375 0.3759765625 0.025390625 0.0546875
0 0.3935546875 0.591796875 0.02734375 0.0673828125
0 0.3125 0.759765625 0.0390625 0.0498046875
0 0.56640625 0.9052734375 0.0205078125 0.0546875
0 0.6044921875 0.912109375 0.0224609375 0.0576171875
0 0.5849609375 0.9130859375 0.0205078125 0.0654296875
0 0.2275390625 0.671875 0.0146484375 0.083984375
0 0.2060546875 0.6611328125 0.0390625 0.0576171875
0 0.1318359375 0.814453125 0.02734375 0.087890625
0 0.0283203125 0.76953125 0.0302734375 0.087890625
0 0.1640625 0.75 0.0224609375 0.087890625
0 0.1708984375 0.701171875 0.03125 0.052734375
0 0.4970703125 0.60546875 0.046875 0.0703125