0 0.3359375 0.0244140625 0.0341796875 0.017578125
0 0.353515625 0.0458984375 0.02734375 0.0693359375
0 0.7783203125 0.169921875 0.0751953125 0.0322265625
0 0.8984375 0.0830078125 0.048828125 0.04296875
0 0.546875 0.3857421875 0.0380859375 0.05859375
0 0.19921875 0.1728515625 0.0517578125 0.0322265625
0 0.0888671875 0.333984375 0.025390625 0.0205078125
0 0.1005859375 0.3525390625 0.046875 0.037109375
0 0.140625 0.6904296875 0.02734375 0.083984375
0 0.08984375 0.7890625 0.05078125 0.0673828125
0 0.396484375 0.6826171875 0.0869140625 0.0361328125
0 0.7666015625 0.796875 0.0546875 0.08203125
0 0.7626953125 0.9150390625 0.076171875 0.0283203125
0 0.9140625 0.3544921875 0.029296875 0.0546875
0 0.17578125 0.4208984375 0.0263671875 0.0556640625
0 0.01953125 0.78125 0.0283203125 0.0380859375