0 0.16015625 0.9287109375 0.0390625 0.07421875
0 0.5146484375 0.798828125 0.0341796875 0.044921875
0 0.7626953125 0.5224609375 0.0322265625 0.1142578125
0 0.853515625 0.373046875 0.0234375 0.1044921875
0 0.8955078125 0.0888671875 0.056640625 0.0419921875
0 0.8388671875 0.1982421875 0.0322265625 0.0556640625
0 0.2021484375 0.4638671875 0.033203125 0.083984375
0 0.130859375 0.744140625 0.0234375 0.0556640625
0 0.7060546875 0.15234375 0.0654296875 0.041015625
0 0.8466796875 0.0546875 0.0380859375 0.0771484375
0 0.419921875 0.75 0.0341796875 0.03515625
0 0.6689453125 0.576171875 0.0439453125 0.052734375
0 0.1943359375 0.97265625 0.0361328125 0.0478515625
0 0.634765625 0.052734375 0.0478515625 0.048828125
0 0.6826171875 0.0712890625 0.0556640625 0.0283203125
0 0.0478515625 0.33203125 0.05859375 0.048828125