0 0.1591796875 0.484375 0.05078125 0.046875
0 0.3701171875 0.5458984375 0.03125 0.07421875
0 0.3466796875 0.6357421875 0.0419921875 0.0439453125
0 0.4970703125 0.5693359375 0.037109375 0.076171875
0 0.419921875 0.904296875 0.0224609375 0.064453125
0 0.25 0.8134765625 0.0458984375 0.0458984375
0 0.7041015625 0.794921875 0.0986328125 0.05859375
0 0.63671875 0.6650390625 0.037109375 0.07421875
0 0.43359375 0.841796875 0.0341796875 0.0673828125
0 0.0166015625 0.4677734375 0.0302734375 0.052734375
0 0.8564453125 0.1162109375 0.0478515625 0.09765625