0 0.099609375 0.107421875 0.0400390625 0.025390625
0 0.501953125 0.4521484375 0.0185546875 0.052734375
0 0.6298828125 0.3447265625 0.017578125 0.0625
0 0.451171875 0.5009765625 0.0390625 0.0234375
0 0.42578125 0.5517578125 0.0185546875 0.08203125
0 0.4873046875 0.5234375 0.046875 0.025390625
0 0.453125 0.5556640625 0.0400390625 0.05859375
0 0.490234375 0.568359375 0.0634765625 0.05078125
0 0.6396484375 0.919921875 0.0302734375 0.0556640625
0 0.4873046875 0.8369140625 0.060546875 0.037109375
0 0.9814453125 0.6455078125 0.03125 0.1064453125
0 0.9560546875 0.6552734375 0.0283203125 0.05859375
0 0.8623046875 0.62109375 0.0419921875 0.0380859375
0 0.2333984375 0.0771484375 0.0263671875 0.099609375