0 0.541015625 0.2900390625 0.0283203125 0.0693359375
0 0.677734375 0.2138671875 0.0205078125 0.0791015625
0 0.775390625 0.3935546875 0.05078125 0.0478515625
0 0.30078125 0.4775390625 0.044921875 0.0322265625
0 0.4873046875 0.5595703125 0.060546875 0.06640625
0 0.599609375 0.6484375 0.025390625 0.0634765625
0 0.619140625 0.216796875 0.0419921875 0.0185546875
0 0.62109375 0.1904296875 0.03515625 0.0556640625
0 0.42578125 0.466796875 0.0546875 0.033203125
0 0.5556640625 0.791015625 0.02734375 0.0634765625
0 0.8759765625 0.345703125 0.0478515625 0.0439453125
0 0.7216796875 0.2587890625 0.04296875 0.1064453125
0 0.5341796875 0.115234375 0.025390625 0.064453125
0 0.5166015625 0.4326171875 0.0322265625 0.0986328125
0 0.55859375 0.6015625 0.0380859375 0.04296875
0 0.6064453125 0.5146484375 0.025390625 0.0615234375