0 0.646484375 0.791015625 0.041015625 0.07421875
0 0.791015625 0.2841796875 0.0556640625 0.03515625
0 0.5966796875 0.240234375 0.046875 0.072265625
0 0.1298828125 0.6748046875 0.0498046875 0.044921875
0 0.2333984375 0.5927734375 0.037109375 0.064453125
0 0.3525390625 0.2822265625 0.029296875 0.052734375
0 0.6513671875 0.5810546875 0.048828125 0.0419921875
0 0.0654296875 0.4052734375 0.029296875 0.0546875
0 0.2265625 0.6953125 0.033203125 0.0771484375
0 0.966796875 0.482421875 0.0283203125 0.0576171875
0 0.4248046875 0.791015625 0.0234375 0.060546875
0 0.306640625 0.17578125 0.064453125 0.03515625
0 0.40625 0.40625 0.0322265625 0.0673828125
0 0.9296875 0.8291015625 0.0439453125 0.052734375
0 0.9404296875 0.7138671875 0.0322265625 0.0625
0 0.4736328125 0.37109375 0.0537109375 0.0234375
0 0.79296875 0.62890625 0.0224609375 0.0439453125
0 0.43359375 0.052734375 0.0400390625 0.060546875
0 0.0625 0.5234375 0.0439453125 0.0654296875
0 0.1767578125 0.0654296875 0.0205078125 0.044921875
0 0.671875 0.125 0.046875 0.041015625