0 0.794921875 0.42578125 0.0341796875 0.072265625
0 0.857421875 0.3076171875 0.033203125 0.0859375
0 0.974609375 0.48046875 0.046875 0.060546875
0 0.7275390625 0.75 0.0712890625 0.0478515625
0 0.85546875 0.8798828125 0.0419921875 0.0595703125
0 0.8076171875 0.931640625 0.0634765625 0.0419921875
0 0.8837890625 0.9619140625 0.037109375 0.0625
0 0.5615234375 0.97265625 0.04296875 0.0439453125
0 0.2041015625 0.44140625 0.0537109375 0.0390625
0 0.212890625 0.4765625 0.03125 0.052734375
0 0.0947265625 0.0947265625 0.0537109375 0.08203125
0 0.04296875 0.669921875 0.0615234375 0.04296875
0 0.2646484375 0.626953125 0.0224609375 0.052734375
0 0.302734375 0.6337890625 0.046875 0.0283203125
0 0.2578125 0.4326171875 0.037109375 0.06640625
0 0.81640625 0.0498046875 0.0341796875 0.0791015625