0 0.171875 0.5595703125 0.0537109375 0.03515625
0 0.15234375 0.904296875 0.0498046875 0.0400390625
0 0.2939453125 0.8974609375 0.0322265625 0.0634765625
0 0.255859375 0.6728515625 0.06640625 0.0400390625
0 0.2578125 0.615234375 0.060546875 0.0712890625
0 0.44921875 0.603515625 0.056640625 0.05078125
0 0.603515625 0.5859375 0.0615234375 0.04296875
0 0.4599609375 0.908203125 0.0830078125 0.0380859375
0 0.9228515625 0.58984375 0.0458984375 0.0595703125
0 0.86328125 0.37109375 0.03515625 0.0537109375
0 0.775390625 0.376953125 0.0537109375 0.052734375
0 0.78515625 0.2578125 0.041015625 0.08984375
0 0.9013671875 0.107421875 0.0302734375 0.072265625
0 0.3525390625 0.4326171875 0.02734375 0.056640625
0 0.9287109375 0.68359375 0.0390625 0.0458984375