0 0.3154296875 0.5771484375 0.033203125 0.0751953125
0 0.28515625 0.3720703125 0.0283203125 0.09765625
0 0.173828125 0.6826171875 0.0302734375 0.0947265625
0 0.333984375 0.65234375 0.0517578125 0.0498046875
0 0.9404296875 0.3935546875 0.048828125 0.0595703125
0 0.4443359375 0.9443359375 0.0302734375 0.0966796875
0 0.673828125 0.623046875 0.0302734375 0.0791015625
0 0.2392578125 0.771484375 0.0478515625 0.052734375
0 0.162109375 0.9091796875 0.0322265625 0.0712890625
0 0.865234375 0.9677734375 0.0283203125 0.0576171875
0 0.5458984375 0.0703125 0.03515625 0.03515625