0 0.2802734375 0.345703125 0.0390625 0.0576171875
0 0.40234375 0.1953125 0.0302734375 0.044921875
0 0.595703125 0.1103515625 0.0400390625 0.07421875
0 0.6171875 0.3115234375 0.0302734375 0.052734375
0 0.810546875 0.234375 0.04296875 0.0478515625
0 0.7900390625 0.3662109375 0.02734375 0.0439453125
0 0.2744140625 0.7861328125 0.0595703125 0.0673828125
0 0.3623046875 0.732421875 0.076171875 0.025390625
0 0.404296875 0.685546875 0.0546875 0.05859375
0 0.3740234375 0.787109375 0.0439453125 0.0478515625
0 0.3115234375 0.900390625 0.0419921875 0.0576171875
0 0.59765625 0.7421875 0.0341796875 0.05078125
0 0.9033203125 0.9130859375 0.0556640625 0.0556640625
0 0.779296875 0.5712890625 0.029296875 0.0673828125
0 0.03515625 0.451171875 0.025390625 0.05859375
0 0.2890625 0.0322265625 0.0224609375 0.05078125
0 0.640625 0.53515625 0.0595703125 0.04296875
0 0.6962890625 0.9423828125 0.03515625 0.0634765625
0 0.5419921875 0.28515625 0.0341796875 0.08203125
0 0.8466796875 0.53125 0.05859375 0.041015625
0 0.7568359375 0.14453125 0.046875 0.0283203125