0 0.3310546875 0.17578125 0.0458984375 0.05078125
0 0.4072265625 0.1572265625 0.037109375 0.0556640625
0 0.1474609375 0.392578125 0.0498046875 0.0224609375
0 0.572265625 0.482421875 0.060546875 0.048828125
0 0.6748046875 0.669921875 0.0234375 0.0625
0 0.4775390625 0.90625 0.0302734375 0.0791015625
0 0.775390625 0.564453125 0.037109375 0.0625
0 0.6953125 0.1640625 0.0439453125 0.0302734375
0 0.6845703125 0.0966796875 0.056640625 0.0380859375
0 0.734375 0.3974609375 0.0322265625 0.048828125
0 0.7900390625 0.4814453125 0.0341796875 0.048828125
0 0.4189453125 0.388671875 0.02734375 0.03515625
0 0.267578125 0.185546875 0.0283203125 0.0341796875
0 0.2255859375 0.162109375 0.02734375 0.0390625