0 0.6552734375 0.2353515625 0.0537109375 0.052734375
0 0.5615234375 0.4521484375 0.02734375 0.0654296875
0 0.166015625 0.6650390625 0.0224609375 0.048828125
0 0.158203125 0.7705078125 0.0263671875 0.0771484375
0 0.2783203125 0.619140625 0.0234375 0.046875
0 0.2197265625 0.5361328125 0.048828125 0.02734375
0 0.2109375 0.4345703125 0.0380859375 0.0380859375
0 0.408203125 0.154296875 0.0185546875 0.068359375
0 0.23828125 0.244140625 0.0419921875 0.025390625
0 0.748046875 0.65625 0.0498046875 0.03125
0 0.271484375 0.07421875 0.02734375 0.0703125
0 0.185546875 0.958984375 0.033203125 0.03515625
0 0.8115234375 0.474609375 0.0400390625 0.0556640625
0 0.2919921875 0.71484375 0.0615234375 0.0546875
0 0.3232421875 0.4619140625 0.046875 0.02734375
0 0.2578125 0.4091796875 0.044921875 0.0322265625
0 0.2763671875 0.3046875 0.0341796875 0.09765625
0 0.296875 0.5576171875 0.0400390625 0.0322265625