0 0.3251953125 0.6572265625 0.041015625 0.07421875
0 0.025390625 0.5048828125 0.02734375 0.0693359375
0 0.9521484375 0.59375 0.048828125 0.04296875
0 0.8076171875 0.029296875 0.048828125 0.0576171875
0 0.7216796875 0.6328125 0.0341796875 0.052734375
0 0.19140625 0.8671875 0.0546875 0.041015625
0 0.744140625 0.744140625 0.0263671875 0.0458984375
0 0.8154296875 0.8837890625 0.0419921875 0.0400390625
0 0.23828125 0.2685546875 0.0224609375 0.0625
0 0.251953125 0.224609375 0.0263671875 0.046875
0 0.328125 0.12109375 0.0400390625 0.037109375