0 0.646484375 0.1533203125 0.05859375 0.041015625
0 0.9091796875 0.798828125 0.025390625 0.0322265625
0 0.943359375 0.646484375 0.02734375 0.0537109375
0 0.7392578125 0.5224609375 0.0185546875 0.0458984375
0 0.4755859375 0.7724609375 0.0263671875 0.0556640625
0 0.384765625 0.5400390625 0.025390625 0.0302734375
0 0.5146484375 0.705078125 0.025390625 0.0302734375
0 0.8291015625 0.7890625 0.017578125 0.037109375
0 0.4130859375 0.3564453125 0.0234375 0.044921875
0 0.5126953125 0.0595703125 0.0224609375 0.033203125
0 0.5361328125 0.072265625 0.0185546875 0.01171875
0 0.4248046875 0.861328125 0.03515625 0.0234375
0 0.1123046875 0.7978515625 0.056640625 0.0478515625
0 0.5419921875 0.146484375 0.02734375 0.037109375
0 0.72265625 0.2568359375 0.0185546875 0.0478515625
0 0.4892578125 0.2626953125 0.037109375 0.03125
0 0.533203125 0.341796875 0.0234375 0.0556640625