0 0.2431640625 0.66015625 0.044921875 0.033203125
0 0.220703125 0.4501953125 0.0498046875 0.048828125
0 0.650390625 0.7216796875 0.0302734375 0.0673828125
0 0.7412109375 0.4697265625 0.037109375 0.0537109375
0 0.33203125 0.232421875 0.0498046875 0.0380859375
0 0.8427734375 0.6728515625 0.04296875 0.05859375
0 0.5966796875 0.5068359375 0.0478515625 0.0478515625
0 0.640625 0.42578125 0.037109375 0.0234375
0 0.951171875 0.6396484375 0.0625 0.0302734375
0 0.5517578125 0.9306640625 0.0419921875 0.02734375
0 0.7294921875 0.59375 0.0224609375 0.0673828125
0 0.1064453125 0.0322265625 0.03515625 0.060546875