0 0.345703125 0.9287109375 0.0263671875 0.0693359375
0 0.47265625 0.6748046875 0.0390625 0.0498046875
0 0.439453125 0.6259765625 0.041015625 0.107421875
0 0.556640625 0.7392578125 0.046875 0.0693359375
0 0.6728515625 0.7841796875 0.0390625 0.0595703125
0 0.6845703125 0.703125 0.03125 0.052734375
0 0.6494140625 0.6357421875 0.052734375 0.046875
0 0.607421875 0.521484375 0.0390625 0.0419921875
0 0.6103515625 0.48828125 0.037109375 0.03515625
0 0.8330078125 0.955078125 0.03515625 0.0595703125
0 0.904296875 0.07421875 0.03515625 0.1025390625
0 0.5966796875 0.029296875 0.0234375 0.0576171875
0 0.5185546875 0.1982421875 0.033203125 0.0625
0 0.701171875 0.0400390625 0.03515625 0.064453125
0 0.7666015625 0.34375 0.0234375 0.0498046875
0 0.3369140625 0.2490234375 0.0283203125 0.0947265625
0 0.37109375 0.18359375 0.0205078125 0.0771484375
0 0.4287109375 0.099609375 0.0166015625 0.083984375
0 0.40625 0.0947265625 0.0390625 0.0693359375
0 0.705078125 0.568359375 0.03515625 0.08203125
0 0.8056640625 0.6181640625 0.02734375 0.0673828125
0 0.787109375 0.349609375 0.0244140625 0.0673828125
0 0.8076171875 0.345703125 0.0234375 0.0595703125
0 0.4736328125 0.56640625 0.02734375 0.0400390625
0 0.236328125 0.205078125 0.017578125 0.083984375
0 0.2451171875 0.171875 0.033203125 0.0615234375
0 0.7578125 0.2265625 0.021484375 0.0478515625
0 0.7822265625 0.3994140625 0.021484375 0.0224609375
0 0.830078125 0.3251953125 0.0439453125 0.0322265625
0 0.771484375 0.37890625 0.025390625 0.0322265625
0 0.783203125 0.662109375 0.0224609375 0.0634765625
0 0.8076171875 0.7021484375 0.0166015625 0.0478515625
0 0.8251953125 0.71875 0.0205078125 0.052734375
0 0.7861328125 0.884765625 0.0283203125 0.0419921875
0 0.517578125 0.7802734375 0.0283203125 0.03515625
0 0.7431640625 0.5703125 0.03125 0.0283203125