0 0.533203125 0.5087890625 0.03515625 0.0869140625
0 0.556640625 0.638671875 0.056640625 0.0419921875
0 0.798828125 0.16015625 0.037109375 0.0595703125
0 0.9140625 0.2197265625 0.072265625 0.0546875
0 0.927734375 0.06640625 0.044921875 0.037109375
0 0.298828125 0.2314453125 0.041015625 0.044921875
0 0.3486328125 0.3828125 0.0341796875 0.0771484375
0 0.6171875 0.560546875 0.048828125 0.0458984375
0 0.8916015625 0.6123046875 0.0224609375 0.0673828125
0 0.900390625 0.8349609375 0.0341796875 0.0302734375
0 0.486328125 0.4326171875 0.0234375 0.0791015625
0 0.328125 0.0380859375 0.0390625 0.03515625
0 0.794921875 0.2861328125 0.046875 0.0361328125
0 0.3017578125 0.505859375 0.025390625 0.0634765625
0 0.501953125 0.5146484375 0.0400390625 0.03515625
0 0.8564453125 0.1611328125 0.03515625 0.0361328125