0 0.0400390625 0.212890625 0.037109375 0.068359375
0 0.2333984375 0.51171875 0.021484375 0.03515625
0 0.2744140625 0.5302734375 0.0283203125 0.03515625
0 0.3388671875 0.5224609375 0.0400390625 0.048828125
0 0.4130859375 0.509765625 0.0390625 0.07421875
0 0.1640625 0.7490234375 0.0537109375 0.04296875
0 0.12109375 0.54296875 0.0400390625 0.0234375
0 0.5576171875 0.841796875 0.0283203125 0.0439453125
0 0.5869140625 0.8173828125 0.0283203125 0.05078125
0 0.6806640625 0.4453125 0.0673828125 0.041015625
0 0.689453125 0.5224609375 0.046875 0.0458984375
0 0.861328125 0.107421875 0.03515625 0.0390625
0 0.9560546875 0.1337890625 0.046875 0.0458984375
0 0.744140625 0.7470703125 0.0341796875 0.05078125
0 0.794921875 0.8310546875 0.03515625 0.04296875
0 0.78125 0.91796875 0.0234375 0.0478515625