0 0.7158203125 0.75390625 0.0390625 0.0849609375
0 0.80859375 0.916015625 0.025390625 0.0703125
0 0.9619140625 0.896484375 0.0205078125 0.109375
0 0.9375 0.5966796875 0.03515625 0.0771484375
0 0.791015625 0.55859375 0.0556640625 0.0576171875
0 0.1083984375 0.3857421875 0.056640625 0.0302734375
0 0.41015625 0.0478515625 0.068359375 0.0400390625
0 0.658203125 0.08984375 0.03515625 0.064453125
0 0.0771484375 0.501953125 0.0302734375 0.0771484375
0 0.1318359375 0.0322265625 0.0263671875 0.060546875
0 0.666015625 0.5400390625 0.0205078125 0.06640625
0 0.30078125 0.0537109375 0.0283203125 0.0673828125