0 0.4921875 0.5634765625 0.0546875 0.08203125
0 0.7451171875 0.501953125 0.0302734375 0.0576171875
0 0.9072265625 0.3701171875 0.048828125 0.072265625
0 0.3818359375 0.392578125 0.033203125 0.0458984375
0 0.412109375 0.353515625 0.017578125 0.05859375
0 0.7861328125 0.9013671875 0.037109375 0.0654296875
0 0.53515625 0.861328125 0.0595703125 0.0302734375
0 0.20703125 0.8095703125 0.0322265625 0.0693359375
0 0.44140625 0.55078125 0.0322265625 0.060546875
0 0.51171875 0.3212890625 0.0322265625 0.0654296875
0 0.55078125 0.8369140625 0.044921875 0.0322265625