0 0.8115234375 0.083984375 0.029296875 0.072265625
0 0.5986328125 0.6865234375 0.0234375 0.0595703125
0 0.080078125 0.5419921875 0.08203125 0.04296875
0 0.5634765625 0.4228515625 0.04296875 0.052734375
0 0.44921875 0.951171875 0.0302734375 0.0771484375
0 0.4892578125 0.9375 0.02734375 0.060546875
0 0.5595703125 0.935546875 0.0224609375 0.0615234375
0 0.55078125 0.88671875 0.0595703125 0.052734375
0 0.4384765625 0.8154296875 0.046875 0.0556640625
0 0.4716796875 0.77734375 0.0341796875 0.04296875
0 0.154296875 0.9501953125 0.0302734375 0.0625
0 0.9208984375 0.23828125 0.0390625 0.052734375
0 0.98046875 0.3154296875 0.0390625 0.0537109375
0 0.62890625 0.33984375 0.0400390625 0.0458984375
0 0.0478515625 0.83203125 0.03515625 0.03515625