0 0.7021484375 0.48046875 0.0654296875 0.0283203125
0 0.689453125 0.5791015625 0.0205078125 0.05859375
0 0.7509765625 0.837890625 0.015625 0.05078125
0 0.83984375 0.9072265625 0.0302734375 0.07421875
0 0.5546875 0.6533203125 0.0224609375 0.076171875
0 0.4716796875 0.5029296875 0.0390625 0.05078125
0 0.609375 0.3798828125 0.0302734375 0.0908203125
0 0.447265625 0.662109375 0.0732421875 0.0458984375
0 0.5302734375 0.6591796875 0.021484375 0.0673828125
0 0.4931640625 0.58984375 0.0302734375 0.04296875
0 0.4375 0.626953125 0.056640625 0.04296875