0 0.662109375 0.861328125 0.0283203125 0.0400390625
0 0.3916015625 0.6640625 0.0166015625 0.05078125
0 0.21875 0.7353515625 0.0185546875 0.052734375
0 0.08984375 0.5419921875 0.037109375 0.0458984375
0 0.189453125 0.5029296875 0.0556640625 0.0341796875
0 0.736328125 0.8974609375 0.03515625 0.0830078125
0 0.794921875 0.7724609375 0.021484375 0.08984375
0 0.6220703125 0.6767578125 0.021484375 0.0654296875
0 0.171875 0.828125 0.0380859375 0.083984375
0 0.5185546875 0.7685546875 0.0400390625 0.0283203125
0 0.494140625 0.763671875 0.0439453125 0.1015625
0 0.359375 0.615234375 0.0380859375 0.07421875
0 0.2421875 0.7451171875 0.044921875 0.0302734375
0 0.662109375 0.9306640625 0.037109375 0.0908203125
0 0.8115234375 0.9677734375 0.033203125 0.0537109375
0 0.1591796875 0.4951171875 0.0810546875 0.0791015625
0 0.7744140625 0.4912109375 0.0439453125 0.03515625
0 0.2919921875 0.9580078125 0.0439453125 0.0712890625
0 0.2490234375 0.6640625 0.0537109375 0.0283203125
0 0.0966796875 0.7060546875 0.0419921875 0.068359375
0 0.0556640625 0.74609375 0.0595703125 0.048828125
0 0.0205078125 0.7841796875 0.0400390625 0.041015625