0 0.88671875 0.177734375 0.0498046875 0.048828125
0 0.029296875 0.400390625 0.029296875 0.0673828125
0 0.125 0.578125 0.0400390625 0.0771484375
0 0.5498046875 0.6650390625 0.0302734375 0.048828125
0 0.3935546875 0.509765625 0.05859375 0.052734375
0 0.44140625 0.7744140625 0.0302734375 0.04296875
0 0.318359375 0.6865234375 0.0302734375 0.02734375
0 0.3623046875 0.791015625 0.0634765625 0.0234375
0 0.6552734375 0.466796875 0.0244140625 0.0712890625
0 0.34375 0.2021484375 0.0224609375 0.0634765625
0 0.6982421875 0.12890625 0.0478515625 0.0361328125
0 0.134765625 0.80078125 0.0634765625 0.0673828125
0 0.1640625 0.822265625 0.025390625 0.0439453125