0 0.4150390625 0.390625 0.0576171875 0.0498046875
0 0.556640625 0.7392578125 0.046875 0.0693359375
0 0.6904296875 0.5625 0.046875 0.064453125
0 0.7353515625 0.4326171875 0.0341796875 0.0673828125
0 0.8388671875 0.265625 0.0205078125 0.072265625
0 0.8759765625 0.31640625 0.04296875 0.03515625
0 0.140625 0.3388671875 0.048828125 0.0576171875
0 0.748046875 0.8828125 0.017578125 0.0859375
0 0.98046875 0.4970703125 0.0390625 0.048828125
0 0.68359375 0.359375 0.04296875 0.0302734375
0 0.7080078125 0.3203125 0.02734375 0.072265625
0 0.78515625 0.1474609375 0.0439453125 0.0322265625
0 0.794921875 0.173828125 0.0244140625 0.0400390625
0 0.8935546875 0.15234375 0.0400390625 0.0439453125
0 0.8857421875 0.177734375 0.0390625 0.05859375
0 0.896484375 0.2666015625 0.0302734375 0.0712890625
0 0.9794921875 0.2529296875 0.0400390625 0.0400390625
0 0.0361328125 0.8896484375 0.0517578125 0.04296875