0 0.2607421875 0.85546875 0.0498046875 0.0419921875
0 0.1533203125 0.6552734375 0.0517578125 0.03515625
0 0.46875 0.4111328125 0.0341796875 0.080078125
0 0.525390625 0.3212890625 0.046875 0.0595703125
0 0.5791015625 0.50390625 0.0556640625 0.0576171875
0 0.2958984375 0.2939453125 0.0205078125 0.07421875
0 0.3486328125 0.4072265625 0.0546875 0.052734375
0 0.3759765625 0.490234375 0.046875 0.0888671875
0 0.1865234375 0.2265625 0.029296875 0.07421875
0 0.4150390625 0.3359375 0.0390625 0.0634765625
0 0.2255859375 0.78515625 0.02734375 0.0625
0 0.0224609375 0.9111328125 0.0400390625 0.06640625
0 0.154296875 0.1435546875 0.013671875 0.0400390625
0 0.1484375 0.2080078125 0.025390625 0.0390625