0 0.70703125 0.41796875 0.0234375 0.0810546875
0 0.7529296875 0.400390625 0.0224609375 0.0625
0 0.8935546875 0.25390625 0.0341796875 0.0791015625
0 0.97265625 0.4794921875 0.046875 0.052734375
0 0.8232421875 0.8369140625 0.0419921875 0.0439453125
0 0.8154296875 0.9599609375 0.0498046875 0.0546875
0 0.0625 0.7978515625 0.0556640625 0.0400390625
0 0.12890625 0.7685546875 0.046875 0.0478515625
0 0.3291015625 0.380859375 0.0283203125 0.083984375
0 0.1650390625 0.1640625 0.0419921875 0.0302734375
0 0.1171875 0.125 0.0283203125 0.091796875
0 0.3447265625 0.2626953125 0.0703125 0.0390625
0 0.4296875 0.1494140625 0.0517578125 0.0556640625
0 0.505859375 0.2138671875 0.044921875 0.041015625
0 0.5498046875 0.3798828125 0.0302734375 0.0693359375
0 0.39453125 0.6162109375 0.05859375 0.052734375
0 0.1259765625 0.4580078125 0.0390625 0.0419921875
0 0.6982421875 0.662109375 0.04296875 0.0439453125
0 0.4384765625 0.91796875 0.0732421875 0.048828125
0 0.6201171875 0.435546875 0.037109375 0.05078125
0 0.8310546875 0.6328125 0.03515625 0.0390625