0 0.6123046875 0.623046875 0.0244140625 0.05078125
0 0.6328125 0.6044921875 0.03515625 0.041015625
0 0.9541015625 0.59375 0.033203125 0.072265625
0 0.7568359375 0.3623046875 0.03515625 0.048828125
0 0.8330078125 0.279296875 0.021484375 0.0625
0 0.46875 0.15625 0.044921875 0.072265625
0 0.537109375 0.91015625 0.0322265625 0.0693359375
0 0.4921875 0.9521484375 0.0400390625 0.0439453125
0 0.3779296875 0.3876953125 0.03125 0.048828125
0 0.5458984375 0.3349609375 0.0400390625 0.0283203125
0 0.6279296875 0.423828125 0.02734375 0.0537109375
0 0.5888671875 0.462890625 0.0224609375 0.064453125
0 0.5732421875 0.4853515625 0.0400390625 0.0380859375
0 0.611328125 0.552734375 0.03515625 0.0341796875
0 0.4716796875 0.775390625 0.01171875 0.037109375
0 0.201171875 0.2587890625 0.0185546875 0.048828125
0 0.1181640625 0.408203125 0.021484375 0.0478515625
0 0.2783203125 0.1318359375 0.0302734375 0.041015625
0 0.75390625 0.166015625 0.0302734375 0.06640625
0 0.6455078125 0.3779296875 0.07421875 0.04296875
0 0.5419921875 0.7724609375 0.02734375 0.0615234375
0 0.517578125 0.77734375 0.029296875 0.0576171875
0 0.490234375 0.79296875 0.0302734375 0.0390625
0 0.55859375 0.96484375 0.052734375 0.068359375
0 0.96875 0.2392578125 0.04296875 0.0576171875