0 0.1982421875 0.27734375 0.0302734375 0.0625
0 0.2724609375 0.322265625 0.076171875 0.0439453125
0 0.2626953125 0.427734375 0.0380859375 0.0078125
0 0.1435546875 0.8974609375 0.0283203125 0.0673828125
0 0.1044921875 0.8076171875 0.0546875 0.0576171875
0 0.71484375 0.900390625 0.0419921875 0.05078125
0 0.5693359375 0.373046875 0.02734375 0.0625
0 0.775390625 0.3740234375 0.02734375 0.0693359375
0 0.8974609375 0.2158203125 0.0341796875 0.07421875
0 0.9755859375 0.140625 0.046875 0.0380859375
0 0.7822265625 0.16796875 0.0419921875 0.052734375
0 0.068359375 0.1572265625 0.029296875 0.0634765625
0 0.115234375 0.251953125 0.0546875 0.072265625
0 0.2626953125 0.625 0.0390625 0.0302734375
0 0.3125 0.5986328125 0.056640625 0.0439453125