0 0.7197265625 0.375 0.0537109375 0.04296875
0 0.1416015625 0.2119140625 0.0234375 0.0791015625
0 0.314453125 0.6513671875 0.03515625 0.052734375
0 0.9638671875 0.45703125 0.0615234375 0.037109375
0 0.7548828125 0.765625 0.0732421875 0.0322265625
0 0.03515625 0.787109375 0.0439453125 0.0537109375
0 0.232421875 0.9599609375 0.041015625 0.03515625
0 0.26953125 0.9326171875 0.0439453125 0.037109375
0 0.8134765625 0.298828125 0.048828125 0.033203125
0 0.0673828125 0.220703125 0.037109375 0.0673828125
0 0.6396484375 0.466796875 0.044921875 0.0458984375
0 0.6845703125 0.123046875 0.0205078125 0.0576171875