0 0.1884765625 0.4052734375 0.029296875 0.0927734375
0 0.6875 0.275390625 0.0234375 0.0625
0 0.13671875 0.6181640625 0.0224609375 0.091796875
0 0.546875 0.5791015625 0.0234375 0.068359375
0 0.5673828125 0.5126953125 0.0341796875 0.046875
0 0.4326171875 0.45703125 0.0302734375 0.0576171875
0 0.3017578125 0.685546875 0.0341796875 0.0625
0 0.1552734375 0.5732421875 0.02734375 0.0634765625
0 0.3232421875 0.3828125 0.0380859375 0.037109375
0 0.291015625 0.3291015625 0.03515625 0.064453125
0 0.953125 0.82421875 0.03515625 0.05078125
0 0.373046875 0.9697265625 0.0263671875 0.0537109375
0 0.68359375 0.875 0.06640625 0.03515625
0 0.869140625 0.6748046875 0.04296875 0.0322265625
0 0.3798828125 0.8115234375 0.0439453125 0.037109375
0 0.1396484375 0.8828125 0.0263671875 0.076171875
0 0.13671875 0.791015625 0.0205078125 0.05078125
0 0.1748046875 0.85546875 0.037109375 0.076171875