0 0.8515625 0.5224609375 0.0400390625 0.060546875
0 0.7060546875 0.3818359375 0.03125 0.08203125
0 0.2802734375 0.1220703125 0.033203125 0.0625
0 0.31640625 0.2548828125 0.03515625 0.0400390625
0 0.103515625 0.146484375 0.0712890625 0.033203125
0 0.9169921875 0.20703125 0.0556640625 0.05859375
0 0.9697265625 0.8642578125 0.025390625 0.0654296875
0 0.783203125 0.8369140625 0.0712890625 0.0283203125
0 0.630859375 0.7275390625 0.0654296875 0.048828125
0 0.3984375 0.77734375 0.0634765625 0.033203125
0 0.927734375 0.9462890625 0.0439453125 0.037109375
0 0.6455078125 0.9697265625 0.037109375 0.0537109375
0 0.5439453125 0.974609375 0.044921875 0.037109375
0 0.490234375 0.0322265625 0.0341796875 0.0625
0 0.806640625 0.685546875 0.02734375 0.099609375
0 0.4228515625 0.349609375 0.0615234375 0.0400390625
0 0.2080078125 0.1923828125 0.0478515625 0.02734375
0 0.40625 0.578125 0.0615234375 0.03125