0 0.162109375 0.3623046875 0.0322265625 0.0771484375
0 0.404296875 0.2978515625 0.03515625 0.08203125
0 0.4541015625 0.3798828125 0.0263671875 0.052734375
0 0.5478515625 0.470703125 0.046875 0.0390625
0 0.6162109375 0.3427734375 0.0302734375 0.0478515625
0 0.4619140625 0.548828125 0.0322265625 0.0322265625
0 0.423828125 0.908203125 0.0341796875 0.080078125
0 0.4794921875 0.92578125 0.048828125 0.07421875
0 0.53515625 0.91796875 0.0283203125 0.0703125
0 0.59765625 0.9443359375 0.04296875 0.0673828125
0 0.59375 0.9775390625 0.041015625 0.0390625
0 0.744140625 0.8173828125 0.03515625 0.087890625
0 0.37890625 0.35546875 0.041015625 0.0673828125
0 0.6298828125 0.05859375 0.0654296875 0.0478515625