0 0.068359375 0.3232421875 0.0390625 0.1044921875
0 0.5927734375 0.3193359375 0.0205078125 0.0791015625
0 0.6357421875 0.3076171875 0.0654296875 0.087890625
0 0.4375 0.833984375 0.03515625 0.0888671875
0 0.9638671875 0.380859375 0.0537109375 0.099609375
0 0.8857421875 0.5625 0.03515625 0.07421875
0 0.3232421875 0.1982421875 0.0263671875 0.0625
0 0.3486328125 0.4912109375 0.0263671875 0.06640625
0 0.3095703125 0.978515625 0.037109375 0.0419921875
0 0.7138671875 0.611328125 0.0439453125 0.0322265625
0 0.7666015625 0.59765625 0.0322265625 0.0322265625
0 0.794921875 0.7421875 0.02734375 0.0810546875
0 0.904296875 0.61328125 0.025390625 0.03515625