0 0.025390625 0.1591796875 0.0478515625 0.0322265625
0 0.09765625 0.275390625 0.0546875 0.037109375
0 0.12109375 0.3388671875 0.046875 0.0439453125
0 0.13671875 0.28125 0.02734375 0.0458984375
0 0.22265625 0.404296875 0.0498046875 0.025390625
0 0.2138671875 0.529296875 0.0263671875 0.09765625
0 0.318359375 0.96484375 0.0712890625 0.0302734375
0 0.5244140625 0.6201171875 0.0380859375 0.072265625
0 0.5546875 0.4833984375 0.0537109375 0.0537109375
0 0.6904296875 0.5048828125 0.0380859375 0.033203125
0 0.6884765625 0.525390625 0.064453125 0.0458984375
0 0.677734375 0.669921875 0.06640625 0.0498046875
0 0.9267578125 0.4375 0.0654296875 0.03515625
0 0.52734375 0.044921875 0.0380859375 0.07421875