0 0.6103515625 0.1923828125 0.0322265625 0.05078125
0 0.5927734375 0.2705078125 0.087890625 0.025390625
0 0.1728515625 0.78125 0.041015625 0.0380859375
0 0.7392578125 0.80859375 0.0341796875 0.0419921875
0 0.7890625 0.66015625 0.044921875 0.0302734375
0 0.8349609375 0.63671875 0.048828125 0.04296875
0 0.5224609375 0.7333984375 0.0224609375 0.05078125
0 0.630859375 0.884765625 0.05859375 0.0234375
0 0.5810546875 0.7763671875 0.048828125 0.0595703125
0 0.4638671875 0.416015625 0.0380859375 0.0302734375
0 0.3701171875 0.455078125 0.02734375 0.0693359375
0 0.3408203125 0.962890625 0.0419921875 0.04296875