0 0.53515625 0.724609375 0.0322265625 0.083984375
0 0.2529296875 0.5810546875 0.0615234375 0.046875
0 0.7626953125 0.703125 0.0390625 0.0625
0 0.951171875 0.5615234375 0.0751953125 0.0869140625
0 0.3720703125 0.40625 0.0615234375 0.029296875
0 0.44921875 0.3603515625 0.0283203125 0.046875
0 0.1611328125 0.0654296875 0.041015625 0.0400390625
0 0.5205078125 0.03515625 0.025390625 0.064453125
0 0.6025390625 0.513671875 0.037109375 0.037109375
0 0.3369140625 0.490234375 0.06640625 0.048828125
0 0.34765625 0.50390625 0.033203125 0.0439453125
0 0.701171875 0.7431640625 0.048828125 0.0439453125