0 0.724609375 0.3759765625 0.0595703125 0.03515625
0 0.56640625 0.8427734375 0.0615234375 0.08203125
0 0.2939453125 0.70703125 0.03125 0.099609375
0 0.060546875 0.9345703125 0.0537109375 0.0693359375
0 0.205078125 0.498046875 0.03515625 0.048828125
0 0.3349609375 0.345703125 0.0224609375 0.0439453125
0 0.2744140625 0.4296875 0.0634765625 0.02734375
0 0.8056640625 0.48828125 0.041015625 0.0927734375
0 0.9111328125 0.6787109375 0.0390625 0.0390625
0 0.837890625 0.90234375 0.0419921875 0.0576171875
0 0.9013671875 0.9599609375 0.025390625 0.0546875
0 0.75 0.1826171875 0.0537109375 0.037109375
0 0.21484375 0.591796875 0.0302734375 0.0673828125
0 0.732421875 0.34375 0.046875 0.0478515625
0 0.7578125 0.0341796875 0.0234375 0.0673828125
0 0.119140625 0.0146484375 0.03125 0.029296875