0 0.060546875 0.6513671875 0.0390625 0.0673828125
0 0.0908203125 0.5673828125 0.046875 0.044921875
0 0.1220703125 0.33203125 0.041015625 0.0869140625
0 0.2685546875 0.3955078125 0.0205078125 0.0888671875
0 0.3017578125 0.974609375 0.0537109375 0.037109375
0 0.4794921875 0.9150390625 0.056640625 0.072265625
0 0.5810546875 0.8564453125 0.044921875 0.0439453125
0 0.7607421875 0.75 0.0205078125 0.0771484375
0 0.5625 0.0791015625 0.0546875 0.02734375
0 0.7216796875 0.126953125 0.0283203125 0.064453125
0 0.775390625 0.23046875 0.0498046875 0.0576171875
0 0.794921875 0.1533203125 0.0263671875 0.0771484375
0 0.5830078125 0.3369140625 0.0478515625 0.0390625
0 0.94140625 0.21484375 0.0283203125 0.03515625
0 0.673828125 0.73046875 0.033203125 0.0322265625
0 0.935546875 0.9384765625 0.0302734375 0.048828125
0 0.9560546875 0.2529296875 0.0322265625 0.02734375