0 0.8671875 0.046875 0.0185546875 0.07421875
0 0.2060546875 0.1708984375 0.0439453125 0.0283203125
0 0.5595703125 0.3115234375 0.0732421875 0.0302734375
0 0.3564453125 0.642578125 0.0419921875 0.02734375
0 0.7607421875 0.607421875 0.0400390625 0.041015625
0 0.2802734375 0.3759765625 0.0302734375 0.064453125
0 0.6435546875 0.1220703125 0.056640625 0.048828125
0 0.6552734375 0.5400390625 0.0380859375 0.0859375
0 0.927734375 0.560546875 0.0224609375 0.0625
0 0.736328125 0.560546875 0.029296875 0.0693359375
0 0.0595703125 0.0654296875 0.02734375 0.0791015625
0 0.11328125 0.0302734375 0.1123046875 0.0478515625
0 0.4033203125 0.6279296875 0.044921875 0.048828125