0 0.21484375 0.19140625 0.0390625 0.052734375
0 0.1669921875 0.083984375 0.033203125 0.0634765625
0 0.3017578125 0.0810546875 0.0244140625 0.0576171875
0 0.611328125 0.16015625 0.0341796875 0.083984375
0 0.8525390625 0.3798828125 0.0703125 0.04296875
0 0.525390625 0.890625 0.0126953125 0.0166015625
0 0.5546875 0.921875 0.05859375 0.0625
0 0.275390625 0.9462890625 0.0224609375 0.0576171875
0 0.046875 0.5302734375 0.08984375 0.04296875
0 0.2333984375 0.4677734375 0.044921875 0.0322265625
0 0.181640625 0.6162109375 0.0537109375 0.052734375
0 0.0703125 0.9814453125 0.044921875 0.0361328125
0 0.8505859375 0.8046875 0.05859375 0.037109375
0 0.421875 0.673828125 0.029296875 0.044921875