0 0.0537109375 0.34765625 0.044921875 0.052734375
0 0.3515625 0.2236328125 0.03515625 0.0322265625
0 0.279296875 0.4345703125 0.06640625 0.0615234375
0 0.69921875 0.1884765625 0.0498046875 0.041015625
0 0.6044921875 0.4208984375 0.0224609375 0.072265625
0 0.8330078125 0.107421875 0.068359375 0.0458984375
0 0.8544921875 0.412109375 0.03515625 0.0859375
0 0.75 0.7275390625 0.033203125 0.08203125
0 0.8671875 0.7255859375 0.03515625 0.08203125
0 0.666015625 0.9150390625 0.0810546875 0.0888671875
0 0.3896484375 0.943359375 0.0224609375 0.0654296875
0 0.57421875 0.8359375 0.0224609375 0.0458984375
0 0.9599609375 0.791015625 0.033203125 0.0673828125
0 0.6982421875 0.509765625 0.037109375 0.044921875
0 0.978515625 0.19921875 0.0419921875 0.046875