0 0.6259765625 0.14453125 0.0966796875 0.142578125
0 0.849609375 0.82421875 0.078125 0.0625
0 0.1279296875 0.796875 0.044921875 0.06640625
0 0.4404296875 0.51171875 0.0439453125 0.025390625
0 0.48828125 0.109375 0.0224609375 0.05078125
0 0.5419921875 0.1611328125 0.064453125 0.052734375
0 0.1474609375 0.3076171875 0.0419921875 0.0458984375
0 0.18359375 0.1865234375 0.0478515625 0.0322265625
0 0.9443359375 0.83984375 0.0302734375 0.0810546875
0 0.783203125 0.7431640625 0.0322265625 0.0888671875
0 0.208984375 0.41015625 0.046875 0.0791015625