0 0.103515625 0.046875 0.044921875 0.04296875
0 0.1435546875 0.02734375 0.0498046875 0.0361328125
0 0.6083984375 0.0361328125 0.0439453125 0.0322265625
0 0.6630859375 0.0556640625 0.05078125 0.0439453125
0 0.7177734375 0.02734375 0.0341796875 0.052734375
0 0.7421875 0.5185546875 0.0595703125 0.0380859375
0 0.5556640625 0.8173828125 0.0419921875 0.0390625
0 0.66015625 0.96484375 0.0419921875 0.0673828125
0 0.2158203125 0.6318359375 0.02734375 0.068359375
0 0.283203125 0.619140625 0.03515625 0.064453125
0 0.2783203125 0.5146484375 0.037109375 0.0673828125
0 0.17578125 0.224609375 0.056640625 0.0419921875
0 0.408203125 0.62109375 0.056640625 0.0419921875
0 0.2041015625 0.9287109375 0.0439453125 0.0322265625
0 0.3310546875 0.384765625 0.0419921875 0.0693359375