0 0.6171875 0.607421875 0.03515625 0.052734375
0 0.482421875 0.8154296875 0.0771484375 0.0361328125
0 0.6474609375 0.9404296875 0.0224609375 0.0791015625
0 0.4453125 0.98046875 0.0283203125 0.037109375
0 0.775390625 0.6943359375 0.0283203125 0.072265625
0 0.7939453125 0.5048828125 0.0400390625 0.0556640625
0 0.71484375 0.544921875 0.033203125 0.0771484375
0 0.849609375 0.4345703125 0.0322265625 0.1171875
0 0.9716796875 0.4609375 0.03515625 0.0693359375
0 0.6396484375 0.189453125 0.033203125 0.0556640625
0 0.8505859375 0.654296875 0.05859375 0.0478515625