0 0.3408203125 0.4521484375 0.0537109375 0.0478515625
0 0.5126953125 0.2607421875 0.048828125 0.04296875
0 0.330078125 0.1123046875 0.0126953125 0.0166015625
0 0.3505859375 0.1484375 0.041015625 0.072265625
0 0.4677734375 0.1748046875 0.0615234375 0.03515625
0 0.9345703125 0.41796875 0.05859375 0.048828125
0 0.884765625 0.8125 0.0263671875 0.0927734375
0 0.4697265625 0.5859375 0.0283203125 0.08203125
0 0.0947265625 0.4375 0.0283203125 0.0322265625
0 0.2998046875 0.275390625 0.0244140625 0.0673828125
0 0.2490234375 0.666015625 0.0224609375 0.0673828125
0 0.1455078125 0.03515625 0.046875 0.0693359375
0 0.2421875 0.1376953125 0.04296875 0.04296875
0 0.86328125 0.6845703125 0.044921875 0.0439453125