0 0.158203125 0.3896484375 0.0498046875 0.072265625
0 0.291015625 0.384765625 0.041015625 0.037109375
0 0.6357421875 0.4453125 0.0576171875 0.0302734375
0 0.6474609375 0.3876953125 0.0673828125 0.04296875
0 0.7998046875 0.421875 0.0244140625 0.09765625
0 0.6884765625 0.83984375 0.04296875 0.0625
0 0.658203125 0.8544921875 0.0244140625 0.0625
0 0.7626953125 0.658203125 0.0390625 0.0771484375
0 0.689453125 0.5712890625 0.02734375 0.0771484375
0 0.310546875 0.6982421875 0.0341796875 0.04296875
0 0.40234375 0.4423828125 0.0390625 0.037109375
0 0.3369140625 0.3896484375 0.0263671875 0.060546875
0 0.6455078125 0.02734375 0.033203125 0.0546875
0 0.654296875 0.080078125 0.0419921875 0.0283203125
0 0.6640625 0.1064453125 0.0234375 0.0537109375
0 0.7216796875 0.5078125 0.0400390625 0.064453125
0 0.73046875 0.3271484375 0.0390625 0.07421875
0 0.3310546875 0.1533203125 0.0224609375 0.0537109375
0 0.2568359375 0.3173828125 0.017578125 0.072265625
0 0.287109375 0.328125 0.0302734375 0.0517578125
0 0.794921875 0.7099609375 0.0234375 0.041015625