0 0.111328125 0.18359375 0.0390625 0.107421875
0 0.2119140625 0.3896484375 0.0576171875 0.02734375
0 0.423828125 0.6025390625 0.0224609375 0.07421875
0 0.455078125 0.6181640625 0.0283203125 0.072265625
0 0.814453125 0.2177734375 0.0205078125 0.052734375
0 0.32421875 0.2197265625 0.04296875 0.0302734375
0 0.3359375 0.1865234375 0.0302734375 0.0546875
0 0.5732421875 0.470703125 0.0595703125 0.0244140625
0 0.91796875 0.591796875 0.0556640625 0.072265625
0 0.2021484375 0.0302734375 0.0234375 0.05078125
0 0.8046875 0.017578125 0.0341796875 0.0322265625
0 0.8466796875 0.01953125 0.0185546875 0.0390625