0 0.3505859375 0.8037109375 0.0439453125 0.044921875
0 0.443359375 0.73828125 0.0439453125 0.0341796875
0 0.4423828125 0.7705078125 0.052734375 0.037109375
0 0.802734375 0.5947265625 0.03125 0.0380859375
0 0.8798828125 0.70703125 0.021484375 0.060546875
0 0.44140625 0.5498046875 0.0439453125 0.0283203125
0 0.3125 0.548828125 0.037109375 0.0654296875
0 0.142578125 0.751953125 0.03515625 0.052734375
0 0.5390625 0.3916015625 0.0244140625 0.087890625
0 0.7216796875 0.4892578125 0.060546875 0.04296875
0 0.7880859375 0.5419921875 0.0263671875 0.0576171875
0 0.6533203125 0.525390625 0.046875 0.029296875
0 0.3642578125 0.6328125 0.0322265625 0.05859375
0 0.0673828125 0.923828125 0.0419921875 0.041015625
0 0.677734375 0.3046875 0.0478515625 0.044921875
0 0.7275390625 0.123046875 0.0341796875 0.07421875
0 0.935546875 0.177734375 0.060546875 0.0634765625
0 0.328125 0.4326171875 0.0517578125 0.0283203125
0 0.236328125 0.17578125 0.04296875 0.0791015625
0 0.140625 0.5673828125 0.037109375 0.06640625
0 0.1953125 0.87890625 0.02734375 0.052734375