0 0.51171875 0.7451171875 0.041015625 0.052734375
0 0.54296875 0.908203125 0.0341796875 0.080078125
0 0.7744140625 0.65625 0.056640625 0.0322265625
0 0.0556640625 0.6669921875 0.02734375 0.0791015625
0 0.3193359375 0.75390625 0.0712890625 0.029296875
0 0.32421875 0.8076171875 0.046875 0.0576171875
0 0.423828125 0.244140625 0.0302734375 0.0390625
0 0.4287109375 0.306640625 0.0234375 0.0439453125
0 0.46484375 0.3134765625 0.0263671875 0.0341796875
0 0.755859375 0.3828125 0.048828125 0.04296875
0 0.134765625 0.669921875 0.0126953125 0.0166015625
0 0.1455078125 0.70703125 0.0224609375 0.07421875
0 0.3154296875 0.638671875 0.0224609375 0.087890625
0 0.6201171875 0.720703125 0.0302734375 0.0576171875
0 0.3349609375 0.138671875 0.0322265625 0.0517578125
0 0.4921875 0.5 0.025390625 0.0654296875
0 0.5517578125 0.23046875 0.0517578125 0.04296875
0 0.2294921875 0.8271484375 0.0419921875 0.0595703125
0 0.6494140625 0.9521484375 0.0302734375 0.0625
0 0.57421875 0.537109375 0.03515625 0.0693359375