0 0.1181640625 0.1923828125 0.0341796875 0.060546875
0 0.2060546875 0.1982421875 0.0478515625 0.052734375
0 0.265625 0.1669921875 0.0419921875 0.0576171875
0 0.2626953125 0.212890625 0.029296875 0.0458984375
0 0.375 0.494140625 0.0185546875 0.0478515625
0 0.533203125 0.556640625 0.072265625 0.0478515625
0 0.6025390625 0.779296875 0.03515625 0.0537109375
0 0.4619140625 0.8828125 0.0419921875 0.0595703125
0 0.384765625 0.8876953125 0.0390625 0.0478515625
0 0.2607421875 0.92578125 0.0400390625 0.0439453125
0 0.44921875 0.9833984375 0.05859375 0.03125
0 0.8310546875 0.7353515625 0.037109375 0.0576171875
0 0.90625 0.9443359375 0.037109375 0.0673828125
0 0.736328125 0.8056640625 0.02734375 0.0771484375
0 0.708984375 0.1123046875 0.0302734375 0.0859375
0 0.7119140625 0.1806640625 0.0205078125 0.0478515625
0 0.7509765625 0.205078125 0.0478515625 0.08984375
0 0.787109375 0.21484375 0.03125 0.0888671875
0 0.953125 0.412109375 0.0517578125 0.05859375
0 0.7216796875 0.3984375 0.0341796875 0.0390625
0 0.728515625 0.4501953125 0.046875 0.0576171875
0 0.3623046875 0.173828125 0.03515625 0.0302734375
0 0.5458984375 0.1455078125 0.0322265625 0.05078125
0 0.583984375 0.1494140625 0.048828125 0.05859375
0 0.92578125 0.0849609375 0.0546875 0.04296875
0 0.7236328125 0.626953125 0.056640625 0.048828125
0 0.2197265625 0.0322265625 0.046875 0.0439453125