0 0.2978515625 0.6259765625 0.046875 0.025390625
0 0.3642578125 0.6025390625 0.0869140625 0.04296875
0 0.455078125 0.625 0.02734375 0.0458984375
0 0.7509765625 0.900390625 0.0419921875 0.0478515625
0 0.5947265625 0.9423828125 0.037109375 0.0703125
0 0.1435546875 0.8154296875 0.04296875 0.0458984375
0 0.1796875 0.91015625 0.0322265625 0.072265625
0 0.2666015625 0.92578125 0.04296875 0.037109375
0 0.2392578125 0.28515625 0.0283203125 0.0703125
0 0.3271484375 0.322265625 0.0498046875 0.05078125
0 0.1044921875 0.162109375 0.033203125 0.0654296875
0 0.1513671875 0.2626953125 0.046875 0.072265625
0 0.607421875 0.38671875 0.0283203125 0.0859375
0 0.8115234375 0.3671875 0.0419921875 0.0703125
0 0.935546875 0.2109375 0.025390625 0.060546875
0 0.021484375 0.0791015625 0.03515625 0.041015625
0 0.029296875 0.2373046875 0.046875 0.048828125