0 0.3623046875 0.517578125 0.0654296875 0.0458984375
0 0.416015625 0.2744140625 0.0595703125 0.0380859375
0 0.4658203125 0.306640625 0.046875 0.037109375
0 0.5400390625 0.3349609375 0.0478515625 0.05859375
0 0.66796875 0.3681640625 0.0859375 0.0556640625
0 0.900390625 0.4482421875 0.033203125 0.0634765625
0 0.791015625 0.666015625 0.0419921875 0.0302734375
0 0.796875 0.7138671875 0.0546875 0.052734375
0 0.8671875 0.8125 0.0302734375 0.09765625
0 0.9443359375 0.6923828125 0.0703125 0.05078125
0 0.455078125 0.212890625 0.0224609375 0.08984375
0 0.0947265625 0.0703125 0.0302734375 0.07421875
0 0.345703125 0.064453125 0.0537109375 0.0498046875
0 0.2529296875 0.140625 0.1025390625 0.0283203125
0 0.345703125 0.693359375 0.021484375 0.087890625
0 0.3310546875 0.685546875 0.0263671875 0.076171875