0 0.623046875 0.7724609375 0.0302734375 0.0771484375
0 0.5810546875 0.552734375 0.0263671875 0.07421875
0 0.8603515625 0.7451171875 0.0517578125 0.046875
0 0.96875 0.587890625 0.0302734375 0.0498046875
0 0.1552734375 0.0927734375 0.037109375 0.029296875
0 0.5390625 0.724609375 0.0322265625 0.083984375
0 0.4365234375 0.568359375 0.0283203125 0.0576171875
0 0.71484375 0.5673828125 0.029296875 0.0693359375
0 0.755859375 0.47265625 0.03515625 0.0576171875
0 0.9130859375 0.10546875 0.033203125 0.048828125
0 0.9794921875 0.1474609375 0.03125 0.072265625
0 0.69921875 0.048828125 0.033203125 0.087890625
0 0.7529296875 0.7353515625 0.0439453125 0.041015625
0 0.8271484375 0.3818359375 0.021484375 0.0478515625