0 0.232421875 0.654296875 0.037109375 0.060546875
0 0.0693359375 0.7744140625 0.025390625 0.046875
0 0.3681640625 0.2763671875 0.0615234375 0.04296875
0 0.1279296875 0.123046875 0.0263671875 0.0576171875
0 0.1748046875 0.1865234375 0.0556640625 0.0390625
0 0.3291015625 0.0341796875 0.0224609375 0.0673828125
0 0.6298828125 0.158203125 0.048828125 0.041015625
0 0.7783203125 0.8515625 0.0380859375 0.0537109375
0 0.8994140625 0.7578125 0.0517578125 0.0859375
0 0.888671875 0.8193359375 0.0556640625 0.041015625
0 0.9013671875 0.875 0.0458984375 0.0791015625
0 0.18359375 0.564453125 0.0322265625 0.076171875
0 0.2763671875 0.591796875 0.0341796875 0.0302734375