0 0.2607421875 0.4111328125 0.0400390625 0.05859375
0 0.35546875 0.8994140625 0.044921875 0.052734375
0 0.5810546875 0.7900390625 0.0234375 0.072265625
0 0.6474609375 0.8828125 0.0888671875 0.03515625
0 0.8291015625 0.91015625 0.0283203125 0.0615234375
0 0.8505859375 0.91796875 0.025390625 0.076171875
0 0.9404296875 0.4501953125 0.0693359375 0.076171875
0 0.919921875 0.3896484375 0.0390625 0.0712890625
0 0.736328125 0.69140625 0.025390625 0.0537109375
0 0.736328125 0.26171875 0.068359375 0.0634765625
0 0.2275390625 0.9169921875 0.0341796875 0.05859375
0 0.498046875 0.7939453125 0.0478515625 0.0439453125
0 0.716796875 0.892578125 0.0234375 0.04296875
0 0.7470703125 0.9150390625 0.0361328125 0.0283203125
0 0.5771484375 0.3759765625 0.048828125 0.0302734375
0 0.912109375 0.09765625 0.0126953125 0.0166015625
0 0.939453125 0.115234375 0.0546875 0.03515625
0 0.0166015625 0.5859375 0.033203125 0.046875