0 0.15234375 0.0712890625 0.064453125 0.0322265625
0 0.14453125 0.1083984375 0.046875 0.048828125
0 0.2734375 0.123046875 0.0341796875 0.0537109375
0 0.3203125 0.1474609375 0.0419921875 0.048828125
0 0.154296875 0.3369140625 0.0361328125 0.0390625
0 0.22265625 0.349609375 0.0546875 0.0283203125
0 0.1083984375 0.4375 0.044921875 0.0537109375
0 0.0751953125 0.51953125 0.0654296875 0.0283203125
0 0.1572265625 0.484375 0.0380859375 0.0712890625
0 0.181640625 0.4345703125 0.03515625 0.0185546875
0 0.3037109375 0.4736328125 0.0546875 0.0224609375
0 0.3740234375 0.701171875 0.03515625 0.07421875
0 0.2529296875 0.8095703125 0.0693359375 0.0439453125
0 0.68359375 0.267578125 0.0234375 0.0693359375
0 0.7744140625 0.1494140625 0.0703125 0.0322265625
0 0.9619140625 0.1181640625 0.025390625 0.04296875
0 0.31640625 0.361328125 0.064453125 0.0634765625
0 0.169921875 0.6796875 0.04296875 0.0673828125
0 0.6484375 0.447265625 0.0263671875 0.0625
0 0.3505859375 0.587890625 0.0224609375 0.0537109375
0 0.3896484375 0.4453125 0.0205078125 0.05078125
0 0.33203125 0.0771484375 0.0419921875 0.0537109375
0 0.763671875 0.5322265625 0.02734375 0.0791015625
0 0.1787109375 0.25390625 0.0703125 0.0283203125
0 0.4169921875 0.0771484375 0.048828125 0.0322265625
0 0.748046875 0.0947265625 0.0341796875 0.03515625
0 0.87890625 0.0849609375 0.0419921875 0.07421875
0 0.0361328125 0.7216796875 0.0322265625 0.07421875