0 0.4833984375 0.537109375 0.0771484375 0.025390625
0 0.4892578125 0.49609375 0.041015625 0.0283203125
0 0.724609375 0.6728515625 0.0390625 0.02734375
0 0.9794921875 0.02734375 0.03125 0.052734375
0 0.55859375 0.2783203125 0.0419921875 0.0615234375
0 0.755859375 0.28515625 0.0380859375 0.0302734375
0 0.404296875 0.0703125 0.0185546875 0.0693359375
0 0.83203125 0.25390625 0.0302734375 0.0888671875
0 0.7490234375 0.89453125 0.0341796875 0.0927734375
0 0.6884765625 0.8828125 0.03125 0.06640625
0 0.7216796875 0.8623046875 0.0390625 0.05859375