0 0.46875 0.16015625 0.044921875 0.037109375
0 0.232421875 0.076171875 0.0126953125 0.0166015625
0 0.2470703125 0.1103515625 0.029296875 0.0693359375
0 0.5048828125 0.3828125 0.0224609375 0.05078125
0 0.482421875 0.2099609375 0.029296875 0.048828125
0 0.654296875 0.033203125 0.02734375 0.0478515625
0 0.7529296875 0.6787109375 0.044921875 0.03515625
0 0.8046875 0.5986328125 0.0361328125 0.1015625
0 0.4580078125 0.8046875 0.0283203125 0.04296875
0 0.3876953125 0.650390625 0.02734375 0.0556640625
0 0.8017578125 0.923828125 0.025390625 0.05078125
0 0.8095703125 0.955078125 0.05078125 0.0234375
0 0.8291015625 0.9814453125 0.0224609375 0.033203125