0 0.7998046875 0.0322265625 0.0400390625 0.0625
0 0.21484375 0.888671875 0.080078125 0.0673828125
0 0.81640625 0.380859375 0.1171875 0.0712890625
0 0.5830078125 0.630859375 0.044921875 0.0849609375
0 0.6923828125 0.1708984375 0.021484375 0.06640625
0 0.7216796875 0.205078125 0.0224609375 0.0556640625
0 0.7216796875 0.2646484375 0.0185546875 0.037109375
0 0.984375 0.728515625 0.0283203125 0.0234375
0 0.4599609375 0.3984375 0.0625 0.02734375
0 0.6103515625 0.69921875 0.0224609375 0.0419921875
0 0.0556640625 0.5869140625 0.041015625 0.033203125
0 0.150390625 0.8232421875 0.05859375 0.02734375
0 0.0302734375 0.69921875 0.060546875 0.044921875