0 0.6015625 0.1572265625 0.04296875 0.03125
0 0.6533203125 0.181640625 0.060546875 0.0361328125
0 0.7421875 0.427734375 0.0654296875 0.0380859375
0 0.8935546875 0.4423828125 0.0537109375 0.060546875
0 0.4462890625 0.9521484375 0.0419921875 0.03515625
0 0.3720703125 0.66015625 0.0224609375 0.0625
0 0.46484375 0.8525390625 0.048828125 0.0419921875
0 0.7158203125 0.83203125 0.052734375 0.03515625
0 0.181640625 0.9521484375 0.0390625 0.0576171875
0 0.30078125 0.4501953125 0.025390625 0.0634765625
0 0.1416015625 0.19140625 0.0224609375 0.0224609375
0 0.8701171875 0.6669921875 0.0556640625 0.076171875