0 0.1904296875 0.41796875 0.0322265625 0.087890625
0 0.169921875 0.482421875 0.044921875 0.07421875
0 0.2138671875 0.6494140625 0.021484375 0.0712890625
0 0.541015625 0.5576171875 0.052734375 0.0283203125
0 0.8193359375 0.416015625 0.0634765625 0.05859375
0 0.58984375 0.3916015625 0.0263671875 0.05078125
0 0.744140625 0.7900390625 0.0283203125 0.0830078125
0 0.78515625 0.8994140625 0.02734375 0.052734375
0 0.962890625 0.947265625 0.0185546875 0.0654296875
0 0.9091796875 0.953125 0.0185546875 0.05859375
0 0.158203125 0.8310546875 0.0263671875 0.0615234375
0 0.9345703125 0.6923828125 0.025390625 0.0419921875