0 0.4375 0.65625 0.0478515625 0.0634765625
0 0.12109375 0.8828125 0.0390625 0.0625
0 0.53515625 0.5732421875 0.046875 0.083984375
0 0.70703125 0.232421875 0.025390625 0.0673828125
0 0.66015625 0.3974609375 0.025390625 0.0478515625
0 0.5986328125 0.046875 0.0419921875 0.07421875
0 0.33984375 0.2802734375 0.04296875 0.03515625
0 0.4091796875 0.08984375 0.064453125 0.02734375
0 0.2080078125 0.9326171875 0.0517578125 0.0576171875
0 0.2822265625 0.9794921875 0.025390625 0.0400390625
0 0.4375 0.0361328125 0.0205078125 0.072265625
0 0.333984375 0.462890625 0.068359375 0.03515625