0 0.9326171875 0.140625 0.02734375 0.046875
0 0.97265625 0.2177734375 0.0537109375 0.04296875
0 0.1494140625 0.3974609375 0.0341796875 0.0869140625
0 0.8583984375 0.80078125 0.029296875 0.0595703125
0 0.6708984375 0.947265625 0.0390625 0.04296875
0 0.703125 0.9345703125 0.0244140625 0.0224609375
0 0.3466796875 0.9677734375 0.0302734375 0.0439453125
0 0.3388671875 0.8798828125 0.0322265625 0.072265625
0 0.125 0.7080078125 0.0341796875 0.0478515625
0 0.552734375 0.3740234375 0.0224609375 0.0498046875
0 0.4296875 0.3271484375 0.03515625 0.0478515625
0 0.6767578125 0.2587890625 0.044921875 0.0390625
0 0.7099609375 0.400390625 0.0263671875 0.0625
0 0.7626953125 0.923828125 0.0341796875 0.1044921875
0 0.7900390625 0.8076171875 0.0400390625 0.083984375
0 0.2900390625 0.154296875 0.037109375 0.0654296875
0 0.630859375 0.19140625 0.025390625 0.0859375
0 0.98046875 0.6953125 0.0263671875 0.095703125
0 0.197265625 0.0595703125 0.0283203125 0.07421875