0 0.3134765625 0.5546875 0.0390625 0.0673828125
0 0.31640625 0.462890625 0.046875 0.05859375
0 0.32421875 0.3798828125 0.029296875 0.046875
0 0.2880859375 0.259765625 0.02734375 0.0302734375
0 0.3408203125 0.24609375 0.06640625 0.0302734375
0 0.455078125 0.369140625 0.0302734375 0.0341796875
0 0.494140625 0.390625 0.04296875 0.0302734375
0 0.6318359375 0.2802734375 0.0263671875 0.0908203125
0 0.66015625 0.6181640625 0.046875 0.0380859375
0 0.6826171875 0.830078125 0.021484375 0.0302734375
0 0.927734375 0.8505859375 0.02734375 0.0380859375
0 0.7802734375 0.966796875 0.0537109375 0.0634765625
0 0.4052734375 0.6650390625 0.0439453125 0.072265625
0 0.033203125 0.3720703125 0.046875 0.048828125
0 0.1455078125 0.5498046875 0.033203125 0.041015625
0 0.4345703125 0.6103515625 0.0302734375 0.072265625
0 0.427734375 0.681640625 0.0341796875 0.0537109375
0 0.435546875 0.7978515625 0.048828125 0.048828125
0 0.9677734375 0.9716796875 0.0283203125 0.0546875
0 0.0146484375 0.8759765625 0.029296875 0.029296875