0 0.6943359375 0.4853515625 0.0380859375 0.033203125
0 0.845703125 0.578125 0.0263671875 0.060546875
0 0.875 0.3076171875 0.0283203125 0.0625
0 0.7314453125 0.31640625 0.0185546875 0.0654296875
0 0.9296875 0.1865234375 0.056640625 0.072265625
0 0.8544921875 0.0595703125 0.0625 0.07421875
0 0.755859375 0.134765625 0.044921875 0.0537109375
0 0.521484375 0.2890625 0.0537109375 0.048828125
0 0.4169921875 0.3271484375 0.0390625 0.064453125
0 0.4609375 0.1953125 0.037109375 0.0400390625
0 0.3984375 0.4443359375 0.0322265625 0.08203125
0 0.5322265625 0.7490234375 0.03515625 0.0810546875
0 0.5771484375 0.7548828125 0.029296875 0.0712890625
0 0.564453125 0.931640625 0.025390625 0.0595703125
0 0.0654296875 0.623046875 0.048828125 0.0380859375
0 0.1162109375 0.3076171875 0.0390625 0.0458984375
0 0.1455078125 0.326171875 0.0322265625 0.0380859375
0 0.3671875 0.80078125 0.0302734375 0.0712890625
0 0.115234375 0.82421875 0.02734375 0.0888671875
0 0.076171875 0.9794921875 0.046875 0.0322265625
0 0.60546875 0.6015625 0.0556640625 0.0361328125