0 0.6474609375 0.576171875 0.056640625 0.037109375
0 0.58984375 0.5078125 0.0185546875 0.0693359375
0 0.609375 0.466796875 0.0390625 0.0322265625
0 0.79296875 0.2666015625 0.0341796875 0.0947265625
0 0.22265625 0.650390625 0.0322265625 0.0546875
0 0.8701171875 0.943359375 0.048828125 0.0693359375
0 0.3798828125 0.8125 0.0537109375 0.052734375
0 0.3427734375 0.556640625 0.04296875 0.02734375
0 0.5068359375 0.2548828125 0.0205078125 0.064453125
0 0.81640625 0.4130859375 0.04296875 0.0390625
0 0.8623046875 0.693359375 0.048828125 0.046875
0 0.3251953125 0.6328125 0.0234375 0.0341796875
0 0.3134765625 0.669921875 0.0322265625 0.0302734375
0 0.4560546875 0.021484375 0.025390625 0.04296875
0 0.2255859375 0.1396484375 0.02734375 0.072265625