0 0.7900390625 0.8046875 0.03515625 0.0927734375
0 0.904296875 0.7548828125 0.0283203125 0.0595703125
0 0.88671875 0.65234375 0.0341796875 0.0302734375
0 0.8818359375 0.57421875 0.03515625 0.0322265625
0 0.9111328125 0.54296875 0.0302734375 0.0498046875
0 0.6376953125 0.3359375 0.05859375 0.0302734375
0 0.701171875 0.5166015625 0.0498046875 0.037109375
0 0.63671875 0.181640625 0.0185546875 0.044921875
0 0.47265625 0.171875 0.03515625 0.0546875
0 0.376953125 0.5078125 0.048828125 0.03515625
0 0.5107421875 0.439453125 0.04296875 0.0966796875
0 0.3720703125 0.03515625 0.0244140625 0.064453125
0 0.0166015625 0.4482421875 0.0322265625 0.037109375
0 0.9560546875 0.62890625 0.0283203125 0.0732421875