0 0.3515625 0.65234375 0.046875 0.0400390625
0 0.5341796875 0.4619140625 0.0341796875 0.0322265625
0 0.5615234375 0.4326171875 0.025390625 0.0478515625
0 0.376953125 0.8837890625 0.0556640625 0.044921875
0 0.3916015625 0.9296875 0.0546875 0.0673828125
0 0.2314453125 0.8515625 0.0712890625 0.0341796875
0 0.478515625 0.525390625 0.046875 0.029296875
0 0.0673828125 0.494140625 0.0712890625 0.0673828125
0 0.1435546875 0.97265625 0.044921875 0.0439453125
0 0.1435546875 0.123046875 0.037109375 0.05078125
0 0.134765625 0.08203125 0.03125 0.037109375
0 0.2841796875 0.8046875 0.0537109375 0.0771484375