0 0.6298828125 0.54296875 0.0341796875 0.0400390625
0 0.662109375 0.5703125 0.029296875 0.06640625
0 0.7158203125 0.421875 0.0234375 0.0537109375
0 0.6318359375 0.6923828125 0.0498046875 0.0380859375
0 0.935546875 0.69140625 0.044921875 0.0400390625
0 0.775390625 0.791015625 0.037109375 0.0673828125
0 0.806640625 0.908203125 0.0322265625 0.0478515625
0 0.5791015625 0.962890625 0.052734375 0.05078125
0 0.470703125 0.84765625 0.0439453125 0.0537109375
0 0.4091796875 0.716796875 0.025390625 0.0576171875
0 0.3427734375 0.6923828125 0.0283203125 0.0693359375
0 0.251953125 0.8466796875 0.0439453125 0.0576171875
0 0.6083984375 0.4375 0.056640625 0.0419921875