0 0.9033203125 0.75390625 0.015625 0.0556640625
0 0.6845703125 0.7080078125 0.0322265625 0.07421875
0 0.4091796875 0.580078125 0.0283203125 0.0673828125
0 0.83984375 0.5947265625 0.0322265625 0.0576171875
0 0.12890625 0.615234375 0.0390625 0.072265625
0 0.224609375 0.5341796875 0.0322265625 0.060546875
0 0.2314453125 0.587890625 0.0341796875 0.0556640625
0 0.2470703125 0.6845703125 0.046875 0.0341796875
0 0.3505859375 0.697265625 0.03125 0.044921875
0 0.361328125 0.603515625 0.0283203125 0.0576171875
0 0.9033203125 0.287109375 0.0302734375 0.05859375
0 0.64453125 0.3427734375 0.0859375 0.0322265625
0 0.69140625 0.3017578125 0.0419921875 0.07421875
0 0.076171875 0.5478515625 0.0263671875 0.0625
0 0.7900390625 0.7685546875 0.0537109375 0.03515625
0 0.5205078125 0.7236328125 0.046875 0.0546875
0 0.5283203125 0.685546875 0.0517578125 0.0556640625
0 0.1669921875 0.9716796875 0.0341796875 0.05078125
0 0.9853515625 0.5341796875 0.02734375 0.0791015625