0 0.169921875 0.505859375 0.0380859375 0.02734375
0 0.142578125 0.32421875 0.0244140625 0.0771484375
0 0.1494140625 0.2236328125 0.0224609375 0.044921875
0 0.1953125 0.0947265625 0.05859375 0.0302734375
0 0.3037109375 0.029296875 0.0498046875 0.0234375
0 0.26171875 0.169921875 0.0234375 0.037109375
0 0.541015625 0.0244140625 0.021484375 0.048828125
0 0.3818359375 0.7705078125 0.05859375 0.0205078125
0 0.4873046875 0.634765625 0.02734375 0.0654296875
0 0.4482421875 0.5654296875 0.03125 0.0712890625
0 0.2978515625 0.259765625 0.021484375 0.01953125
0 0.263671875 0.275390625 0.0419921875 0.04296875
0 0.71875 0.2060546875 0.0537109375 0.0322265625
0 0.779296875 0.056640625 0.0966796875 0.0556640625
0 0.791015625 0.02734375 0.0517578125 0.0537109375
0 0.4873046875 0.7294921875 0.0400390625 0.04296875
0 0.359375 0.5927734375 0.0341796875 0.072265625
0 0.4091796875 0.6298828125 0.060546875 0.029296875