0 0.7841796875 0.1728515625 0.03515625 0.060546875
0 0.4580078125 0.705078125 0.0166015625 0.052734375
0 0.2421875 0.7802734375 0.0263671875 0.076171875
0 0.55078125 0.4794921875 0.0234375 0.06640625
0 0.3701171875 0.3984375 0.03125 0.0458984375
0 0.9287109375 0.26953125 0.078125 0.0400390625
0 0.8671875 0.55859375 0.0556640625 0.0302734375
0 0.513671875 0.3681640625 0.0283203125 0.05859375
0 0.91796875 0.107421875 0.0205078125 0.076171875
0 0.947265625 0.169921875 0.0283203125 0.0625
0 0.6044921875 0.4404296875 0.033203125 0.0888671875
0 0.86328125 0.8603515625 0.025390625 0.076171875
0 0.6962890625 0.87890625 0.0205078125 0.0712890625