0 0.4013671875 0.287109375 0.0439453125 0.0830078125
0 0.669921875 0.4150390625 0.03515625 0.0576171875
0 0.744140625 0.291015625 0.064453125 0.0458984375
0 0.767578125 0.1591796875 0.05859375 0.048828125
0 0.9453125 0.150390625 0.060546875 0.072265625
0 0.9091796875 0.7548828125 0.056640625 0.0556640625
0 0.3935546875 0.7998046875 0.076171875 0.03515625
0 0.2080078125 0.5302734375 0.0390625 0.0771484375
0 0.10546875 0.7890625 0.08203125 0.0537109375
0 0.0302734375 0.18359375 0.0556640625 0.037109375
0 0.82421875 0.4970703125 0.0537109375 0.0625
0 0.8720703125 0.150390625 0.0478515625 0.0439453125
0 0.1220703125 0.4560546875 0.0654296875 0.0380859375
0 0.326171875 0.04296875 0.0771484375 0.0791015625