0 0.12109375 0.48046875 0.03515625 0.0693359375
0 0.033203125 0.275390625 0.0537109375 0.052734375
0 0.6240234375 0.404296875 0.0615234375 0.0576171875
0 0.8486328125 0.7158203125 0.0693359375 0.04296875
0 0.7490234375 0.0703125 0.0615234375 0.0400390625
0 0.2978515625 0.8369140625 0.0224609375 0.05078125
0 0.2841796875 0.974609375 0.0224609375 0.0498046875
0 0.328125 0.81640625 0.0283203125 0.1015625
0 0.2587890625 0.28125 0.0380859375 0.052734375
0 0.9033203125 0.8251953125 0.03515625 0.033203125
0 0.162109375 0.9697265625 0.048828125 0.041015625
0 0.244140625 0.4384765625 0.0439453125 0.033203125
0 0.5986328125 0.4248046875 0.0322265625 0.033203125
0 0.5693359375 0.955078125 0.0361328125 0.0400390625
0 0.2451171875 0.0498046875 0.0205078125 0.0556640625
0 0.3525390625 0.9619140625 0.0224609375 0.0693359375