0 0.05859375 0.734375 0.0458984375 0.0791015625
0 0.6904296875 0.78515625 0.0654296875 0.046875
0 0.7744140625 0.7197265625 0.0302734375 0.09765625
0 0.67578125 0.8984375 0.03125 0.0634765625
0 0.5390625 0.3037109375 0.0322265625 0.0791015625
0 0.470703125 0.2119140625 0.03125 0.072265625
0 0.689453125 0.365234375 0.0205078125 0.0693359375
0 0.8310546875 0.6474609375 0.0380859375 0.09765625
0 0.451171875 0.724609375 0.02734375 0.072265625
0 0.4521484375 0.4384765625 0.037109375 0.05078125
0 0.6787109375 0.1865234375 0.0341796875 0.076171875
0 0.4345703125 0.1259765625 0.0283203125 0.0625