0 0.2109375 0.5400390625 0.078125 0.046875
0 0.642578125 0.59375 0.0478515625 0.033203125
0 0.3251953125 0.1396484375 0.04296875 0.0322265625
0 0.927734375 0.892578125 0.0419921875 0.0537109375
0 0.9423828125 0.873046875 0.0439453125 0.0947265625
0 0.7158203125 0.486328125 0.0302734375 0.0595703125
0 0.765625 0.48046875 0.0498046875 0.033203125
0 0.6845703125 0.4150390625 0.0380859375 0.037109375
0 0.630859375 0.265625 0.0400390625 0.0458984375
0 0.5693359375 0.1826171875 0.02734375 0.048828125
0 0.8759765625 0.8251953125 0.044921875 0.044921875
0 0.1376953125 0.2373046875 0.0380859375 0.052734375
0 0.0703125 0.1474609375 0.05078125 0.0458984375
0 0.8916015625 0.275390625 0.0498046875 0.04296875
0 0.7763671875 0.2509765625 0.0400390625 0.033203125
0 0.4091796875 0.4228515625 0.0546875 0.037109375
0 0.40234375 0.3720703125 0.0126953125 0.0166015625
0 0.423828125 0.3974609375 0.04296875 0.048828125
0 0.4443359375 0.8046875 0.056640625 0.044921875
0 0.423828125 0.66015625 0.025390625 0.05859375
0 0.52734375 0.46484375 0.04296875 0.02734375
0 0.955078125 0.60546875 0.0283203125 0.041015625