0 0.5595703125 0.3955078125 0.0390625 0.068359375
0 0.517578125 0.4775390625 0.03515625 0.05859375
0 0.5869140625 0.6201171875 0.03515625 0.0693359375
0 0.201171875 0.611328125 0.04296875 0.052734375
0 0.17578125 0.3271484375 0.04296875 0.064453125
0 0.2509765625 0.0908203125 0.046875 0.033203125
0 0.341796875 0.1748046875 0.02734375 0.076171875
0 0.40234375 0.3515625 0.0205078125 0.0693359375
0 0.369140625 0.3779296875 0.04296875 0.02734375
0 0.9228515625 0.1044921875 0.0205078125 0.08203125
0 0.8388671875 0.1376953125 0.046875 0.04296875
0 0.9619140625 0.3408203125 0.0263671875 0.0537109375
0 0.849609375 0.498046875 0.0400390625 0.0791015625
0 0.8583984375 0.62109375 0.0498046875 0.0322265625
0 0.646484375 0.4345703125 0.0595703125 0.0380859375
0 0.541015625 0.537109375 0.0283203125 0.0625
0 0.306640625 0.9189453125 0.0263671875 0.0810546875
0 0.3701171875 0.9169921875 0.0439453125 0.0771484375
0 0.1572265625 0.10546875 0.076171875 0.029296875
0 0.541015625 0.1142578125 0.0595703125 0.0478515625
0 0.54296875 0.08203125 0.0537109375 0.04296875
0 0.447265625 0.119140625 0.0322265625 0.044921875
0 0.7841796875 0.2412109375 0.03515625 0.0537109375