0 0.9423828125 0.8046875 0.0302734375 0.0859375
0 0.94140625 0.4736328125 0.0380859375 0.1044921875
0 0.86328125 0.365234375 0.0498046875 0.0322265625
0 0.357421875 0.6142578125 0.05859375 0.037109375
0 0.1123046875 0.564453125 0.0537109375 0.0595703125
0 0.2412109375 0.337890625 0.0244140625 0.0634765625
0 0.1416015625 0.056640625 0.03515625 0.0654296875
0 0.3583984375 0.2900390625 0.046875 0.05078125
0 0.6591796875 0.0439453125 0.037109375 0.037109375
0 0.6728515625 0.40234375 0.0263671875 0.06640625
0 0.3525390625 0.767578125 0.0322265625 0.083984375
0 0.0087890625 0.732421875 0.017578125 0.052734375