0 0.0166015625 0.33203125 0.033203125 0.02734375
0 0.216796875 0.3408203125 0.025390625 0.0537109375
0 0.3447265625 0.091796875 0.0595703125 0.0283203125
0 0.5234375 0.2578125 0.0439453125 0.048828125
0 0.6513671875 0.5625 0.056640625 0.03515625
0 0.9384765625 0.4443359375 0.078125 0.04296875
0 0.7607421875 0.373046875 0.044921875 0.0390625
0 0.9736328125 0.2080078125 0.0517578125 0.0283203125
0 0.017578125 0.4443359375 0.03515625 0.0322265625
0 0.0146484375 0.404296875 0.029296875 0.0390625
0 0.474609375 0.5859375 0.0546875 0.0380859375
0 0.0634765625 0.673828125 0.0283203125 0.1025390625
0 0.833984375 0.462890625 0.0205078125 0.05078125