0 0.5654296875 0.751953125 0.052734375 0.0546875
0 0.869140625 0.767578125 0.0751953125 0.037109375
0 0.66015625 0.701171875 0.0322265625 0.0625
0 0.5859375 0.23828125 0.044921875 0.08203125
0 0.689453125 0.390625 0.03515625 0.0302734375
0 0.3701171875 0.5498046875 0.0302734375 0.07421875
0 0.3427734375 0.8671875 0.037109375 0.0625
0 0.046875 0.6083984375 0.0390625 0.0439453125
0 0.1728515625 0.267578125 0.0498046875 0.0439453125
0 0.6533203125 0.7919921875 0.05859375 0.048828125
0 0.751953125 0.5478515625 0.0341796875 0.068359375
0 0.7021484375 0.361328125 0.025390625 0.0439453125
0 0.3828125 0.728515625 0.0205078125 0.087890625
0 0.19140625 0.1796875 0.0595703125 0.0390625