0 0.150390625 0.138671875 0.0400390625 0.0712890625
0 0.26171875 0.185546875 0.0205078125 0.0537109375
0 0.2890625 0.18359375 0.0556640625 0.0703125
0 0.1337890625 0.4482421875 0.0224609375 0.05078125
0 0.150390625 0.40234375 0.0380859375 0.05859375
0 0.0185546875 0.455078125 0.037109375 0.0712890625
0 0.361328125 0.6435546875 0.02734375 0.0927734375
0 0.36328125 0.7197265625 0.037109375 0.0478515625
0 0.6171875 0.7607421875 0.0380859375 0.03125
0 0.3369140625 0.83203125 0.0322265625 0.05859375
0 0.4111328125 0.9228515625 0.037109375 0.1015625
0 0.7734375 0.7919921875 0.0400390625 0.05859375
0 0.93359375 0.830078125 0.0380859375 0.07421875
0 0.9697265625 0.16796875 0.029296875 0.05078125
0 0.9873046875 0.2021484375 0.0244140625 0.0478515625