0 0.080078125 0.2001953125 0.0615234375 0.05859375
0 0.158203125 0.2548828125 0.0380859375 0.0224609375
0 0.1455078125 0.322265625 0.02734375 0.0712890625
0 0.0849609375 0.3828125 0.068359375 0.05078125
0 0.087890625 0.5576171875 0.04296875 0.08203125
0 0.1328125 0.5693359375 0.0263671875 0.1298828125
0 0.1923828125 0.4580078125 0.0537109375 0.0478515625
0 0.2626953125 0.3896484375 0.0537109375 0.0322265625
0 0.2578125 0.357421875 0.0419921875 0.0537109375
0 0.3251953125 0.2578125 0.0546875 0.0556640625
0 0.7919921875 0.4228515625 0.0419921875 0.0537109375
0 0.765625 0.498046875 0.044921875 0.0361328125
0 0.9599609375 0.615234375 0.025390625 0.0771484375
0 0.7763671875 0.6416015625 0.0283203125 0.06640625
0 0.453125 0.8876953125 0.0400390625 0.03515625
0 0.390625 0.75 0.025390625 0.06640625
0 0.392578125 0.6865234375 0.0390625 0.0341796875
0 0.185546875 0.6767578125 0.0478515625 0.0380859375
0 0.8134765625 0.7919921875 0.025390625 0.0556640625
0 0.5869140625 0.92578125 0.02734375 0.0439453125
0 0.8984375 0.630859375 0.044921875 0.041015625
0 0.609375 0.4765625 0.0537109375 0.025390625
0 0.5009765625 0.3779296875 0.0634765625 0.037109375
0 0.5458984375 0.0849609375 0.025390625 0.052734375
0 0.55859375 0.0302734375 0.029296875 0.0283203125
0 0.7607421875 0.0361328125 0.037109375 0.03515625
0 0.66796875 0.14453125 0.02734375 0.0478515625
0 0.177734375 0.0400390625 0.037109375 0.0302734375
0 0.681640625 0.75390625 0.0478515625 0.033203125
0 0.701171875 0.416015625 0.037109375 0.0556640625