0 0.46875 0.830078125 0.0283203125 0.0771484375
0 0.5224609375 0.8876953125 0.0341796875 0.0634765625
0 0.6162109375 0.6689453125 0.056640625 0.0380859375
0 0.6650390625 0.7021484375 0.04296875 0.048828125
0 0.8369140625 0.6044921875 0.0205078125 0.0625
0 0.880859375 0.3525390625 0.0400390625 0.0576171875
0 0.95703125 0.533203125 0.025390625 0.0771484375
0 0.9853515625 0.7626953125 0.0283203125 0.091796875
0 0.27734375 0.87890625 0.0283203125 0.0771484375
0 0.3369140625 0.5146484375 0.025390625 0.0595703125
0 0.359375 0.5556640625 0.0322265625 0.0927734375
0 0.0498046875 0.177734375 0.0341796875 0.052734375
0 0.09375 0.041015625 0.0654296875 0.044921875
0 0.525390625 0.1298828125 0.0439453125 0.0478515625
0 0.6083984375 0.126953125 0.0302734375 0.0947265625
0 0.724609375 0.1162109375 0.0224609375 0.0673828125
0 0.76953125 0.111328125 0.03125 0.0908203125
0 0.935546875 0.0498046875 0.0478515625 0.0458984375
0 0.7158203125 0.439453125 0.0654296875 0.0556640625
0 0.9228515625 0.8896484375 0.02734375 0.0556640625