0 0.578125 0.8115234375 0.0244140625 0.099609375
0 0.9052734375 0.96484375 0.0302734375 0.068359375
0 0.158203125 0.44921875 0.03515625 0.052734375
0 0.1943359375 0.7666015625 0.0302734375 0.083984375
0 0.783203125 0.103515625 0.0322265625 0.0625
0 0.638671875 0.26953125 0.0390625 0.0302734375
0 0.6435546875 0.3046875 0.0234375 0.0419921875
0 0.3251953125 0.169921875 0.0224609375 0.083984375
0 0.208984375 0.482421875 0.0302734375 0.0673828125
0 0.90625 0.4423828125 0.0234375 0.0625
0 0.806640625 0.5283203125 0.0224609375 0.05859375
0 0.2841796875 0.3203125 0.025390625 0.072265625
0 0.3046875 0.2578125 0.017578125 0.0390625
0 0.3173828125 0.2412109375 0.0302734375 0.033203125
0 0.7255859375 0.3203125 0.013671875 0.037109375