0 0.30859375 0.2021484375 0.0126953125 0.0166015625
0 0.3271484375 0.232421875 0.037109375 0.0625
0 0.369140625 0.306640625 0.046875 0.0439453125
0 0.4453125 0.033203125 0.03515625 0.0546875
0 0.5546875 0.189453125 0.0341796875 0.0546875
0 0.3740234375 0.466796875 0.03515625 0.072265625
0 0.2607421875 0.3095703125 0.0576171875 0.037109375
0 0.70703125 0.52734375 0.041015625 0.0703125
0 0.7900390625 0.482421875 0.0322265625 0.04296875
0 0.15234375 0.4384765625 0.0234375 0.0498046875
0 0.5185546875 0.67578125 0.0234375 0.0771484375
0 0.93359375 0.767578125 0.029296875 0.072265625
0 0.5 0.419921875 0.0341796875 0.037109375
0 0.4716796875 0.970703125 0.0322265625 0.056640625
0 0.56640625 0.822265625 0.0390625 0.0556640625