0 0.939453125 0.546875 0.0205078125 0.0673828125
0 0.6875 0.6318359375 0.046875 0.0546875
0 0.5859375 0.9072265625 0.0341796875 0.0771484375
0 0.63671875 0.9677734375 0.044921875 0.0595703125
0 0.3017578125 0.51953125 0.0283203125 0.0546875
0 0.2470703125 0.5888671875 0.046875 0.0419921875
0 0.1318359375 0.544921875 0.03515625 0.0888671875
0 0.322265625 0.2802734375 0.046875 0.04296875
0 0.505859375 0.5 0.0302734375 0.0791015625
0 0.03515625 0.72265625 0.0390625 0.0625
0 0.796875 0.34375 0.029296875 0.0478515625
0 0.095703125 0.333984375 0.0283203125 0.0537109375
0 0.203125 0.4619140625 0.0625 0.0302734375
0 0.7392578125 0.837890625 0.0302734375 0.0703125
0 0.8193359375 0.951171875 0.033203125 0.0634765625
0 0.7197265625 0.1728515625 0.0390625 0.0859375