0 0.166015625 0.1005859375 0.1201171875 0.0390625
0 0.044921875 0.2568359375 0.0517578125 0.0439453125
0 0.15625 0.4423828125 0.0419921875 0.0322265625
0 0.1904296875 0.470703125 0.0419921875 0.041015625
0 0.4677734375 0.43359375 0.0634765625 0.037109375
0 0.328125 0.591796875 0.0849609375 0.083984375
0 0.3935546875 0.8349609375 0.037109375 0.08203125
0 0.6748046875 0.9384765625 0.0390625 0.099609375
0 0.7392578125 0.8466796875 0.0830078125 0.033203125
0 0.7646484375 0.7080078125 0.05078125 0.0478515625
0 0.8720703125 0.70703125 0.0390625 0.041015625
0 0.939453125 0.708984375 0.0634765625 0.068359375
0 0.9814453125 0.4326171875 0.03515625 0.0478515625
0 0.8876953125 0.0478515625 0.0595703125 0.0625
0 0.4140625 0.203125 0.0537109375 0.0458984375
0 0.970703125 0.099609375 0.0419921875 0.033203125
0 0.1474609375 0.240234375 0.04296875 0.048828125
0 0.1875 0.2373046875 0.0322265625 0.029296875
0 0.2060546875 0.2822265625 0.029296875 0.052734375