0 0.4560546875 0.27734375 0.0341796875 0.072265625
0 0.2314453125 0.302734375 0.0595703125 0.02734375
0 0.7255859375 0.578125 0.03125 0.052734375
0 0.7119140625 0.6083984375 0.0322265625 0.0625
0 0.34765625 0.884765625 0.046875 0.04296875
0 0.298828125 0.70703125 0.0390625 0.0166015625
0 0.287109375 0.724609375 0.046875 0.03515625
0 0.2939453125 0.6943359375 0.037109375 0.0224609375
0 0.861328125 0.5576171875 0.025390625 0.03515625
0 0.8623046875 0.591796875 0.05078125 0.037109375
0 0.71484375 0.68359375 0.037109375 0.072265625
0 0.2802734375 0.2421875 0.037109375 0.076171875
0 0.3017578125 0.240234375 0.033203125 0.072265625