0 0.2919921875 0.1201171875 0.0322265625 0.0595703125
0 0.6005859375 0.2626953125 0.0615234375 0.0576171875
0 0.66796875 0.220703125 0.044921875 0.04296875
0 0.791015625 0.072265625 0.025390625 0.060546875
0 0.5322265625 0.8017578125 0.0390625 0.0283203125
0 0.634765625 0.83203125 0.04296875 0.0283203125
0 0.017578125 0.48828125 0.03515625 0.0283203125
0 0.220703125 0.6533203125 0.080078125 0.0283203125
0 0.1455078125 0.9794921875 0.033203125 0.0400390625
0 0.55859375 0.345703125 0.0546875 0.0576171875
0 0.3212890625 0.4287109375 0.0322265625 0.0556640625
0 0.5322265625 0.0556640625 0.0205078125 0.0234375
0 0.548828125 0.029296875 0.02734375 0.0361328125
0 0.5595703125 0.0107421875 0.025390625 0.021484375