0 0.0390625 0.232421875 0.0517578125 0.0673828125
0 0.45703125 0.4501953125 0.0634765625 0.0595703125
0 0.4921875 0.6103515625 0.0732421875 0.0400390625
0 0.431640625 0.279296875 0.046875 0.0498046875
0 0.7646484375 0.146484375 0.048828125 0.04296875
0 0.2607421875 0.1904296875 0.0537109375 0.046875
0 0.544921875 0.3076171875 0.0703125 0.052734375
0 0.6298828125 0.013671875 0.046875 0.02734375
0 0.3994140625 0.787109375 0.044921875 0.072265625
0 0.18359375 0.3408203125 0.0498046875 0.0224609375
0 0.2158203125 0.4150390625 0.0380859375 0.037109375
0 0.166015625 0.513671875 0.0390625 0.0185546875
0 0.1474609375 0.4921875 0.0166015625 0.052734375
0 0.4052734375 0.0439453125 0.0322265625 0.0400390625