0 0.85546875 0.1455078125 0.037109375 0.0322265625
0 0.5029296875 0.05859375 0.0419921875 0.08203125
0 0.3837890625 0.23828125 0.029296875 0.0458984375
0 0.19921875 0.5517578125 0.0439453125 0.0341796875
0 0.4287109375 0.5595703125 0.05078125 0.0380859375
0 0.5751953125 0.423828125 0.0322265625 0.0556640625
0 0.6123046875 0.4814453125 0.0419921875 0.0693359375
0 0.6787109375 0.3828125 0.0244140625 0.033203125
0 0.8603515625 0.4306640625 0.0283203125 0.08203125
0 0.4072265625 0.76171875 0.025390625 0.052734375
0 0.4140625 0.8583984375 0.0498046875 0.04296875
0 0.958984375 0.14453125 0.0439453125 0.0625
0 0.7314453125 0.69921875 0.0283203125 0.0380859375
0 0.7685546875 0.673828125 0.037109375 0.044921875
0 0.8740234375 0.6806640625 0.0439453125 0.0390625
0 0.6953125 0.244140625 0.06640625 0.0888671875
0 0.55078125 0.146484375 0.0302734375 0.0712890625
0 0.822265625 0.48046875 0.02734375 0.037109375
0 0.95703125 0.8505859375 0.0556640625 0.0419921875