0 0.4306640625 0.2724609375 0.080078125 0.0380859375
0 0.5126953125 0.349609375 0.0439453125 0.0322265625
0 0.5859375 0.4345703125 0.0546875 0.046875
0 0.6044921875 0.3466796875 0.04296875 0.08203125
0 0.5498046875 0.03515625 0.02734375 0.064453125
0 0.77734375 0.41015625 0.03515625 0.0576171875
0 0.513671875 0.6279296875 0.0771484375 0.041015625
0 0.5732421875 0.732421875 0.037109375 0.0947265625
0 0.3193359375 0.681640625 0.02734375 0.05078125
0 0.9375 0.857421875 0.0615234375 0.0927734375
0 0.9638671875 0.767578125 0.048828125 0.0625
0 0.8798828125 0.3046875 0.048828125 0.064453125