0 0.5732421875 0.322265625 0.0341796875 0.0712890625
0 0.607421875 0.26953125 0.0263671875 0.03515625
0 0.5966796875 0.0849609375 0.0595703125 0.0458984375
0 0.7783203125 0.24609375 0.0498046875 0.0712890625
0 0.8076171875 0.29296875 0.025390625 0.0283203125
0 0.8515625 0.2373046875 0.0517578125 0.0654296875
0 0.8271484375 0.1396484375 0.02734375 0.0712890625
0 0.9501953125 0.2470703125 0.0517578125 0.0595703125
0 0.6181640625 0.7265625 0.044921875 0.04296875
0 0.818359375 0.896484375 0.0556640625 0.052734375
0 0.904296875 0.98046875 0.0458984375 0.037109375
0 0.9287109375 0.8076171875 0.021484375 0.048828125
0 0.9287109375 0.064453125 0.048828125 0.046875