0 0.068359375 0.875 0.0478515625 0.0859375
0 0.603515625 0.7578125 0.0263671875 0.107421875
0 0.62109375 0.6396484375 0.0419921875 0.05859375
0 0.6689453125 0.677734375 0.0283203125 0.0634765625
0 0.7392578125 0.76171875 0.0419921875 0.0390625
0 0.6552734375 0.541015625 0.0673828125 0.0556640625
0 0.9384765625 0.3974609375 0.0322265625 0.0791015625
0 0.7392578125 0.275390625 0.0498046875 0.0791015625
0 0.205078125 0.7998046875 0.0283203125 0.0927734375
0 0.0595703125 0.5205078125 0.0498046875 0.0302734375
0 0.78125 0.09765625 0.068359375 0.0537109375
0 0.826171875 0.7333984375 0.0390625 0.0478515625
0 0.2802734375 0.30078125 0.046875 0.0625
0 0.4326171875 0.275390625 0.03515625 0.056640625
0 0.984375 0.5166015625 0.0263671875 0.0419921875