0 0.19921875 0.1357421875 0.0283203125 0.0927734375
0 0.5693359375 0.7421875 0.025390625 0.0576171875
0 0.3203125 0.501953125 0.0283203125 0.0771484375
0 0.1337890625 0.5673828125 0.0390625 0.0791015625
0 0.9697265625 0.2568359375 0.0244140625 0.0546875
0 0.3916015625 0.7939453125 0.0302734375 0.076171875
0 0.05859375 0.9443359375 0.0390625 0.0634765625
0 0.494140625 0.1396484375 0.04296875 0.04296875
0 0.4921875 0.083984375 0.0126953125 0.0166015625
0 0.5087890625 0.10546875 0.0341796875 0.04296875
0 0.986328125 0.6328125 0.025390625 0.1142578125
0 0.6748046875 0.537109375 0.0439453125 0.0595703125
0 0.5341796875 0.5302734375 0.046875 0.0556640625
0 0.8115234375 0.712890625 0.03515625 0.068359375