0 0.1875 0.2548828125 0.060546875 0.0322265625
0 0.1591796875 0.4072265625 0.0771484375 0.0419921875
0 0.4619140625 0.41796875 0.046875 0.0732421875
0 0.53515625 0.248046875 0.0498046875 0.0615234375
0 0.7880859375 0.388671875 0.0859375 0.0556640625
0 0.7734375 0.6015625 0.033203125 0.0771484375
0 0.8330078125 0.6982421875 0.08984375 0.033203125
0 0.9033203125 0.6494140625 0.0439453125 0.0810546875
0 0.751953125 0.8251953125 0.0263671875 0.0712890625
0 0.7578125 0.962890625 0.0517578125 0.0400390625
0 0.212890625 0.8388671875 0.0390625 0.048828125
0 0.12109375 0.845703125 0.0419921875 0.0322265625