0 0.0458984375 0.33984375 0.0419921875 0.048828125
0 0.0537109375 0.556640625 0.0380859375 0.02734375
0 0.1328125 0.548828125 0.044921875 0.0361328125
0 0.3603515625 0.2705078125 0.0595703125 0.048828125
0 0.1630859375 0.1845703125 0.0234375 0.08984375
0 0.189453125 0.2275390625 0.0283203125 0.0673828125
0 0.4677734375 0.1259765625 0.0380859375 0.033203125
0 0.375 0.1826171875 0.0390625 0.041015625
0 0.5625 0.1875 0.033203125 0.0537109375
0 0.6748046875 0.2998046875 0.029296875 0.0380859375
0 0.70703125 0.591796875 0.0234375 0.0712890625
0 0.06640625 0.83984375 0.0478515625 0.0849609375
0 0.1884765625 0.978515625 0.0302734375 0.0419921875
0 0.6435546875 0.9775390625 0.0224609375 0.0361328125
0 0.70703125 0.021484375 0.0888671875 0.0361328125
0 0.3310546875 0.4013671875 0.046875 0.037109375
0 0.7490234375 0.9814453125 0.0439453125 0.0234375