0 0.0234375 0.294921875 0.02734375 0.0283203125
0 0.0498046875 0.322265625 0.0341796875 0.0302734375
0 0.0390625 0.6865234375 0.03515625 0.1279296875
0 0.23828125 0.6875 0.025390625 0.1123046875
0 0.2412109375 0.5576171875 0.0546875 0.03515625
0 0.4765625 0.5341796875 0.046875 0.0419921875
0 0.5673828125 0.6376953125 0.048828125 0.05859375
0 0.6953125 0.6474609375 0.0341796875 0.033203125
0 0.693359375 0.6796875 0.064453125 0.05078125
0 0.685546875 0.8095703125 0.0595703125 0.05078125
0 0.9296875 0.5869140625 0.060546875 0.0302734375
0 0.8056640625 0.7158203125 0.046875 0.03515625
0 0.5341796875 0.22265625 0.0322265625 0.02734375
0 0.8369140625 0.1376953125 0.033203125 0.0439453125
0 0.94140625 0.0947265625 0.0234375 0.0673828125
0 0.53515625 0.7685546875 0.037109375 0.0693359375
0 0.12890625 0.4375 0.044921875 0.05078125
0 0.1630859375 0.443359375 0.0283203125 0.0478515625
0 0.146484375 0.4970703125 0.033203125 0.0556640625