0 0.1298828125 0.2880859375 0.0234375 0.05078125
0 0.1845703125 0.2177734375 0.0283203125 0.060546875
0 0.212890625 0.09765625 0.044921875 0.0556640625
0 0.1884765625 0.46484375 0.04296875 0.0234375
0 0.28125 0.5556640625 0.0244140625 0.0791015625
0 0.3857421875 0.48046875 0.0224609375 0.033203125
0 0.4765625 0.4521484375 0.0517578125 0.0234375
0 0.49609375 0.7685546875 0.0390625 0.0791015625
0 0.455078125 0.8505859375 0.02734375 0.0556640625
0 0.4814453125 0.91015625 0.0224609375 0.0419921875
0 0.904296875 0.7119140625 0.0234375 0.0673828125
0 0.9375 0.7119140625 0.0390625 0.0478515625
0 0.7841796875 0.5107421875 0.0517578125 0.0400390625
0 0.7314453125 0.61328125 0.033203125 0.06640625
0 0.8681640625 0.4931640625 0.0263671875 0.0888671875
0 0.9013671875 0.3388671875 0.021484375 0.05078125
0 0.8505859375 0.291015625 0.025390625 0.05859375
0 0.7451171875 0.25 0.06640625 0.037109375
0 0.9580078125 0.1865234375 0.046875 0.04296875
0 0.6787109375 0.0234375 0.021484375 0.046875
0 0.7431640625 0.0986328125 0.03125 0.0791015625
0 0.1376953125 0.982421875 0.0419921875 0.0341796875
0 0.416015625 0.9833984375 0.033203125 0.03125
0 0.0810546875 0.4794921875 0.09375 0.033203125
0 0.11328125 0.6845703125 0.0498046875 0.03125
0 0.2236328125 0.2490234375 0.0400390625 0.0791015625
0 0.2333984375 0.3095703125 0.044921875 0.0302734375
0 0.1318359375 0.1025390625 0.0302734375 0.0654296875
0 0.5927734375 0.484375 0.0478515625 0.0400390625
0 0.796875 0.8759765625 0.0390625 0.0888671875