0 0.2109375 0.4072265625 0.0224609375 0.0576171875
0 0.4326171875 0.1806640625 0.0205078125 0.0576171875
0 0.5078125 0.2470703125 0.0263671875 0.0439453125
0 0.5751953125 0.685546875 0.044921875 0.0478515625
0 0.77734375 0.638671875 0.0234375 0.0576171875
0 0.0966796875 0.9658203125 0.0205078125 0.06640625
0 0.1611328125 0.9521484375 0.048828125 0.0673828125
0 0.4609375 0.7109375 0.0302734375 0.0625
0 0.513671875 0.4306640625 0.0234375 0.052734375
0 0.529296875 0.42578125 0.025390625 0.052734375
0 0.4814453125 0.521484375 0.0224609375 0.107421875
0 0.45703125 0.6240234375 0.021484375 0.07421875