0 0.2890625 0.66015625 0.02734375 0.076171875
0 0.4619140625 0.732421875 0.029296875 0.037109375
0 0.458984375 0.6650390625 0.03515625 0.0224609375
0 0.4951171875 0.673828125 0.0390625 0.0283203125
0 0.578125 0.810546875 0.0390625 0.0205078125
0 0.57421875 0.87890625 0.0234375 0.0712890625
0 0.736328125 0.5595703125 0.0478515625 0.0322265625
0 0.775390625 0.5498046875 0.0322265625 0.0302734375
0 0.234375 0.115234375 0.0341796875 0.0625
0 0.087890625 0.3935546875 0.03515625 0.080078125
0 0.2109375 0.4794921875 0.048828125 0.0556640625
0 0.66015625 0.6943359375 0.0302734375 0.0537109375