0 0.4853515625 0.724609375 0.025390625 0.064453125
0 0.6142578125 0.7822265625 0.0341796875 0.0625
0 0.3837890625 0.6669921875 0.0283203125 0.0595703125
0 0.845703125 0.48828125 0.041015625 0.0595703125
0 0.4736328125 0.4384765625 0.0205078125 0.064453125
0 0.5078125 0.453125 0.0341796875 0.0498046875
0 0.1396484375 0.3505859375 0.0234375 0.0400390625
0 0.2255859375 0.125 0.044921875 0.0498046875
0 0.83203125 0.3193359375 0.0302734375 0.0400390625
0 0.2119140625 0.02734375 0.0390625 0.0341796875
0 0.5859375 0.958984375 0.05078125 0.0693359375
0 0.5654296875 0.8466796875 0.037109375 0.0234375
0 0.6044921875 0.8671875 0.0419921875 0.052734375
0 0.5478515625 0.23046875 0.0283203125 0.0693359375
0 0.3681640625 0.46484375 0.02734375 0.05859375
0 0.3896484375 0.591796875 0.03125 0.0546875
0 0.9384765625 0.970703125 0.0341796875 0.056640625
0 0.189453125 0.0869140625 0.0302734375 0.048828125