0 0.494140625 0.3447265625 0.0322265625 0.08203125
0 0.51171875 0.2548828125 0.0263671875 0.0498046875
0 0.2333984375 0.2890625 0.0634765625 0.064453125
0 0.2734375 0.5947265625 0.041015625 0.0595703125
0 0.2412109375 0.2119140625 0.0634765625 0.0498046875
0 0.037109375 0.4404296875 0.072265625 0.044921875
0 0.0498046875 0.5703125 0.046875 0.03515625
0 0.0654296875 0.78515625 0.048828125 0.052734375
0 0.8017578125 0.3017578125 0.033203125 0.087890625
0 0.818359375 0.0283203125 0.0302734375 0.0439453125
0 0.6796875 0.0693359375 0.056640625 0.02734375
0 0.9658203125 0.1611328125 0.0400390625 0.048828125
0 0.5263671875 0.810546875 0.0185546875 0.07421875
0 0.546875 0.783203125 0.044921875 0.03515625
0 0.4658203125 0.625 0.037109375 0.0390625
0 0.3681640625 0.8310546875 0.0263671875 0.0810546875
0 0.103515625 0.609375 0.060546875 0.02734375
0 0.1796875 0.451171875 0.044921875 0.0625
0 0.7490234375 0.875 0.0390625 0.0576171875
0 0.708984375 0.97265625 0.056640625 0.0478515625
0 0.05078125 0.1875 0.021484375 0.033203125
0 0.068359375 0.904296875 0.033203125 0.0234375
0 0.5810546875 0.4033203125 0.037109375 0.0400390625
0 0.6064453125 0.12109375 0.0390625 0.0302734375
0 0.818359375 0.669921875 0.0341796875 0.0498046875
0 0.6171875 0.7255859375 0.0224609375 0.0224609375