0 0.5986328125 0.025390625 0.02734375 0.048828125
0 0.90625 0.0751953125 0.04296875 0.099609375
0 0.759765625 0.2275390625 0.0302734375 0.0625
0 0.765625 0.34375 0.0185546875 0.0498046875
0 0.3505859375 0.92578125 0.0205078125 0.07421875
0 0.47265625 0.669921875 0.03515625 0.0595703125
0 0.5185546875 0.1982421875 0.033203125 0.072265625
0 0.404296875 0.0966796875 0.046875 0.0673828125
0 0.4267578125 0.0986328125 0.0283203125 0.0869140625
0 0.3359375 0.25 0.0263671875 0.09765625
0 0.5546875 0.744140625 0.046875 0.080078125
0 0.6787109375 0.70703125 0.0283203125 0.0595703125
0 0.6484375 0.6357421875 0.046875 0.046875
0 0.615234375 0.525390625 0.0498046875 0.060546875
0 0.611328125 0.490234375 0.0390625 0.0400390625
0 0.80859375 0.3505859375 0.025390625 0.0595703125
0 0.837890625 0.9609375 0.02734375 0.04296875
0 0.7880859375 0.888671875 0.0302734375 0.0478515625
0 0.7412109375 0.5712890625 0.0380859375 0.02734375
0 0.7119140625 0.5654296875 0.0234375 0.076171875
0 0.7783203125 0.6201171875 0.02734375 0.07421875
0 0.791015625 0.6044921875 0.0224609375 0.048828125
0 0.8046875 0.705078125 0.017578125 0.05078125
0 0.8232421875 0.7109375 0.015625 0.052734375
0 0.6640625 0.78125 0.0419921875 0.05078125
0 0.5263671875 0.7822265625 0.0224609375 0.0458984375
0 0.4765625 0.5595703125 0.0390625 0.037109375
0 0.4404296875 0.6279296875 0.02734375 0.0947265625
0 0.779296875 0.396484375 0.021484375 0.01953125
0 0.783203125 0.34765625 0.02734375 0.060546875
0 0.6982421875 0.048828125 0.0341796875 0.0771484375