0 0.7919921875 0.484375 0.0654296875 0.0322265625
0 0.7900390625 0.5625 0.046875 0.0595703125
0 0.73828125 0.8134765625 0.0283203125 0.0751953125
0 0.4296875 0.6064453125 0.044921875 0.0869140625
0 0.20703125 0.30859375 0.0517578125 0.029296875
0 0.443359375 0.2548828125 0.03515625 0.072265625
0 0.365234375 0.0751953125 0.0283203125 0.0693359375
0 0.4306640625 0.0986328125 0.0234375 0.08203125
0 0.5927734375 0.20703125 0.0537109375 0.044921875
0 0.7861328125 0.0361328125 0.06640625 0.0322265625
0 0.2783203125 0.369140625 0.048828125 0.0546875
0 0.357421875 0.384765625 0.05859375 0.037109375
0 0.48046875 0.8232421875 0.0380859375 0.099609375
0 0.25390625 0.4755859375 0.0390625 0.0771484375
0 0.03515625 0.38671875 0.03515625 0.072265625