0 0.0458984375 0.7314453125 0.0537109375 0.025390625
0 0.0908203125 0.7421875 0.0322265625 0.052734375
0 0.0498046875 0.9677734375 0.046875 0.029296875
0 0.45703125 0.5966796875 0.041015625 0.04296875
0 0.4140625 0.6611328125 0.0390625 0.0478515625
0 0.6533203125 0.8876953125 0.044921875 0.037109375
0 0.8623046875 0.6552734375 0.037109375 0.03515625
0 0.2734375 0.5478515625 0.0546875 0.0205078125
0 0.0234375 0.2861328125 0.046875 0.064453125
0 0.974609375 0.6875 0.046875 0.029296875
0 0.30078125 0.703125 0.0830078125 0.0302734375
0 0.48046875 0.2490234375 0.060546875 0.025390625
0 0.5439453125 0.3271484375 0.04296875 0.0205078125