0 0.3955078125 0.0048828125 0.0126953125 0.009765625
0 0.40625 0.0263671875 0.0205078125 0.048828125
0 0.4638671875 0.1474609375 0.04296875 0.0576171875
0 0.767578125 0.0869140625 0.025390625 0.076171875
0 0.7958984375 0.5556640625 0.072265625 0.0361328125
0 0.427734375 0.40625 0.0283203125 0.0546875
0 0.447265625 0.494140625 0.0498046875 0.07421875
0 0.3203125 0.8525390625 0.029296875 0.052734375
0 0.0849609375 0.5576171875 0.044921875 0.0537109375
0 0.642578125 0.796875 0.078125 0.0419921875
0 0.7158203125 0.794921875 0.029296875 0.0556640625
0 0.478515625 0.548828125 0.037109375 0.0654296875
0 0.572265625 0.2587890625 0.048828125 0.0458984375