0 0.2294921875 0.53125 0.0234375 0.0810546875
0 0.126953125 0.6220703125 0.060546875 0.052734375
0 0.12109375 0.7763671875 0.0439453125 0.0791015625
0 0.263671875 0.70703125 0.0244140625 0.087890625
0 0.6572265625 0.6611328125 0.0224609375 0.091796875
0 0.67578125 0.5498046875 0.046875 0.0634765625
0 0.666015625 0.455078125 0.048828125 0.0400390625
0 0.7109375 0.4482421875 0.05078125 0.060546875
0 0.107421875 0.4296875 0.05859375 0.0322265625
0 0.33203125 0.2177734375 0.048828125 0.0771484375
0 0.8154296875 0.021484375 0.052734375 0.04296875
0 0.7158203125 0.58203125 0.0302734375 0.083984375