0 0.4619140625 0.58203125 0.04296875 0.1142578125
0 0.5224609375 0.7109375 0.056640625 0.0478515625
0 0.73046875 0.5615234375 0.0654296875 0.037109375
0 0.8154296875 0.2626953125 0.0634765625 0.08203125
0 0.541015625 0.41796875 0.0634765625 0.0341796875
0 0.22265625 0.4462890625 0.03515625 0.0654296875
0 0.0751953125 0.30078125 0.0283203125 0.03515625
0 0.5087890625 0.572265625 0.0498046875 0.0791015625
0 0.3017578125 0.9482421875 0.033203125 0.08984375
0 0.4365234375 0.125 0.033203125 0.1044921875
0 0.337890625 0.0224609375 0.03515625 0.0439453125
0 0.2421875 0.01953125 0.0546875 0.0302734375
0 0.2158203125 0.052734375 0.0263671875 0.0673828125
0 0.8935546875 0.7587890625 0.0771484375 0.0439453125