0 0.462890625 0.1787109375 0.029296875 0.087890625
0 0.287109375 0.177734375 0.0419921875 0.060546875
0 0.3291015625 0.1279296875 0.0419921875 0.05078125
0 0.3662109375 0.216796875 0.0400390625 0.048828125
0 0.6357421875 0.44140625 0.0517578125 0.07421875
0 0.7001953125 0.48046875 0.0537109375 0.0302734375
0 0.6337890625 0.5576171875 0.0263671875 0.0576171875
0 0.7158203125 0.60546875 0.0126953125 0.0166015625
0 0.7265625 0.638671875 0.021484375 0.06640625
0 0.84765625 0.5810546875 0.0498046875 0.04296875
0 0.8720703125 0.80859375 0.0302734375 0.1201171875
0 0.796875 0.744140625 0.0205078125 0.0673828125
0 0.8154296875 0.7451171875 0.02734375 0.0810546875
0 0.82421875 0.8310546875 0.025390625 0.064453125
0 0.8056640625 0.869140625 0.0234375 0.072265625
0 0.021484375 0.2705078125 0.02734375 0.048828125
0 0.8251953125 0.9326171875 0.0361328125 0.04296875
0 0.8310546875 0.8994140625 0.025390625 0.04296875
0 0.6416015625 0.630859375 0.0419921875 0.060546875