0 0.689453125 0.48828125 0.03515625 0.0693359375
0 0.837890625 0.486328125 0.037109375 0.0322265625
0 0.35546875 0.24609375 0.02734375 0.0537109375
0 0.2998046875 0.3525390625 0.052734375 0.05078125
0 0.3251953125 0.412109375 0.0263671875 0.05078125
0 0.33203125 0.705078125 0.0234375 0.08203125
0 0.9033203125 0.80859375 0.0439453125 0.0966796875
0 0.37890625 0.97265625 0.033203125 0.052734375
0 0.1494140625 0.33984375 0.0224609375 0.052734375
0 0.154296875 0.375 0.046875 0.037109375
0 0.2431640625 0.8427734375 0.0439453125 0.0439453125
0 0.744140625 0.35546875 0.044921875 0.044921875
0 0.5703125 0.91015625 0.046875 0.06640625
0 0.9140625 0.32421875 0.072265625 0.0302734375
0 0.59375 0.3173828125 0.0390625 0.0625
0 0.64453125 0.58984375 0.04296875 0.037109375
0 0.7265625 0.9609375 0.025390625 0.0712890625
0 0.453125 0.384765625 0.0400390625 0.0400390625
0 0.748046875 0.66796875 0.0302734375 0.0615234375