0 0.12109375 0.9169921875 0.0556640625 0.0556640625
0 0.1328125 0.8544921875 0.06640625 0.0595703125
0 0.138671875 0.705078125 0.0537109375 0.0859375
0 0.3046875 0.6376953125 0.04296875 0.0458984375
0 0.2314453125 0.4453125 0.0361328125 0.0673828125
0 0.3974609375 0.46484375 0.0302734375 0.0908203125
0 0.400390625 0.3408203125 0.025390625 0.060546875
0 0.33203125 0.2880859375 0.0556640625 0.0673828125
0 0.5859375 0.9169921875 0.0205078125 0.0556640625
0 0.607421875 0.884765625 0.0283203125 0.0673828125
0 0.64453125 0.884765625 0.02734375 0.0712890625
0 0.685546875 0.830078125 0.02734375 0.0791015625
0 0.712890625 0.892578125 0.0498046875 0.0703125
0 0.849609375 0.9052734375 0.0419921875 0.0537109375
0 0.8671875 0.82421875 0.03515625 0.0888671875
0 0.53125 0.470703125 0.0537109375 0.05078125
0 0.908203125 0.4755859375 0.02734375 0.0673828125
0 0.83203125 0.0869140625 0.03515625 0.076171875
0 0.86328125 0.119140625 0.02734375 0.06640625
0 0.7021484375 0.6513671875 0.05078125 0.0634765625
0 0.48046875 0.2158203125 0.0302734375 0.0537109375
0 0.3212890625 0.037109375 0.025390625 0.064453125
0 0.5283203125 0.900390625 0.03515625 0.041015625
0 0.0625 0.1572265625 0.0771484375 0.0634765625
0 0.0830078125 0.2451171875 0.0390625 0.1064453125