0 0.314453125 0.45703125 0.037109375 0.0556640625
0 0.2861328125 0.6533203125 0.0234375 0.0625
0 0.158203125 0.7216796875 0.0556640625 0.0234375
0 0.1865234375 0.7021484375 0.02734375 0.0791015625
0 0.43359375 0.7275390625 0.060546875 0.048828125
0 0.3271484375 0.7548828125 0.0556640625 0.037109375
0 0.212890625 0.5185546875 0.046875 0.0458984375
0 0.236328125 0.5419921875 0.0126953125 0.0166015625
0 0.462890625 0.2919921875 0.0390625 0.0576171875
0 0.0244140625 0.4921875 0.029296875 0.060546875
0 0.927734375 0.9423828125 0.0302734375 0.08984375