0 0.1767578125 0.90234375 0.0390625 0.05078125
0 0.1806640625 0.94921875 0.0234375 0.05078125
0 0.416015625 0.7021484375 0.033203125 0.0576171875
0 0.392578125 0.4912109375 0.0498046875 0.0478515625
0 0.8515625 0.962890625 0.02734375 0.0615234375
0 0.755859375 0.912109375 0.03515625 0.052734375
0 0.4833984375 0.498046875 0.021484375 0.04296875
0 0.5068359375 0.46875 0.0380859375 0.033203125
0 0.904296875 0.2177734375 0.0693359375 0.0400390625
0 0.6953125 0.96484375 0.0390625 0.05078125
0 0.685546875 0.91796875 0.0205078125 0.0439453125