0 0.13671875 0.60546875 0.060546875 0.041015625
0 0.5341796875 0.03515625 0.0537109375 0.05078125
0 0.525390625 0.1220703125 0.072265625 0.03515625
0 0.8115234375 0.33984375 0.048828125 0.0654296875
0 0.8203125 0.4560546875 0.0390625 0.06640625
0 0.9423828125 0.0751953125 0.0224609375 0.072265625
0 0.5166015625 0.5224609375 0.0322265625 0.09765625
0 0.1474609375 0.95703125 0.029296875 0.052734375
0 0.1015625 0.794921875 0.0185546875 0.0380859375
0 0.501953125 0.2001953125 0.05859375 0.0283203125
0 0.732421875 0.177734375 0.0419921875 0.048828125
0 0.5771484375 0.439453125 0.02734375 0.0556640625
0 0.0732421875 0.267578125 0.0419921875 0.0634765625
0 0.1298828125 0.2763671875 0.04296875 0.037109375
0 0.6689453125 0.9365234375 0.0283203125 0.0322265625