0 0.7158203125 0.5673828125 0.0390625 0.0498046875
0 0.4873046875 0.251953125 0.041015625 0.0595703125
0 0.341796875 0.6357421875 0.0224609375 0.072265625
0 0.2060546875 0.103515625 0.0556640625 0.052734375
0 0.2626953125 0.40234375 0.0498046875 0.0625
0 0.0673828125 0.6494140625 0.0517578125 0.029296875
0 0.0380859375 0.3662109375 0.0302734375 0.0595703125
0 0.1884765625 0.205078125 0.048828125 0.0546875
0 0.2890625 0.5078125 0.0244140625 0.0498046875
0 0.818359375 0.357421875 0.0234375 0.0576171875
0 0.8564453125 0.697265625 0.056640625 0.0419921875
0 0.23046875 0.3427734375 0.0546875 0.0634765625
0 0.13671875 0.517578125 0.04296875 0.05859375
0 0.328125 0.125 0.03515625 0.0439453125