0 0.501953125 0.7080078125 0.041015625 0.0576171875
0 0.359375 0.537109375 0.0234375 0.04296875
0 0.29296875 0.5126953125 0.037109375 0.0546875
0 0.5888671875 0.482421875 0.0537109375 0.0849609375
0 0.849609375 0.900390625 0.046875 0.044921875
0 0.5615234375 0.2353515625 0.029296875 0.08203125
0 0.4599609375 0.302734375 0.0283203125 0.0771484375
0 0.197265625 0.16015625 0.0390625 0.1123046875
0 0.0478515625 0.23046875 0.0498046875 0.048828125
0 0.1630859375 0.0302734375 0.03515625 0.0576171875
0 0.0302734375 0.3173828125 0.0400390625 0.1064453125
0 0.2236328125 0.634765625 0.033203125 0.072265625
0 0.2763671875 0.7373046875 0.05078125 0.05859375
0 0.8740234375 0.2734375 0.0244140625 0.0673828125
0 0.9169921875 0.240234375 0.0322265625 0.07421875
0 0.986328125 0.0322265625 0.02734375 0.0556640625
0 0.91015625 0.783203125 0.0390625 0.052734375