0 0.7490234375 0.2197265625 0.0341796875 0.0615234375
0 0.76171875 0.1962890625 0.046875 0.0478515625
0 0.849609375 0.3466796875 0.0380859375 0.0859375
0 0.537109375 0.5595703125 0.0498046875 0.037109375
0 0.5751953125 0.5009765625 0.0380859375 0.060546875
0 0.439453125 0.2666015625 0.037109375 0.0634765625
0 0.8896484375 0.6533203125 0.029296875 0.1025390625
0 0.6123046875 0.6884765625 0.02734375 0.087890625
0 0.1240234375 0.8974609375 0.0390625 0.0703125
0 0.357421875 0.796875 0.0283203125 0.048828125
0 0.4814453125 0.705078125 0.0302734375 0.05078125
0 0.78125 0.958984375 0.0224609375 0.06640625
0 0.6162109375 0.6962890625 0.0126953125 0.0166015625
0 0.6328125 0.71484375 0.0322265625 0.037109375