0 0.529296875 0.041015625 0.046875 0.05078125
0 0.7392578125 0.107421875 0.0341796875 0.08203125
0 0.7685546875 0.1455078125 0.0263671875 0.072265625
0 0.6640625 0.349609375 0.0302734375 0.09375
0 0.6640625 0.52734375 0.03125 0.0673828125
0 0.5126953125 0.6201171875 0.05078125 0.0400390625
0 0.2470703125 0.572265625 0.060546875 0.03515625
0 0.642578125 0.69140625 0.044921875 0.0302734375
0 0.7470703125 0.806640625 0.025390625 0.0537109375
0 0.771484375 0.884765625 0.0400390625 0.025390625
0 0.6513671875 0.9189453125 0.0283203125 0.0703125
0 0.5791015625 0.916015625 0.04296875 0.0322265625
0 0.1962890625 0.4921875 0.0341796875 0.05859375
0 0.9345703125 0.609375 0.0390625 0.0458984375
0 0.9658203125 0.626953125 0.0341796875 0.0458984375
0 0.98046875 0.552734375 0.0302734375 0.0625