0 0.06640625 0.4619140625 0.02734375 0.037109375
0 0.228515625 0.552734375 0.025390625 0.037109375
0 0.2412109375 0.59375 0.0234375 0.0400390625
0 0.2421875 0.666015625 0.02734375 0.017578125
0 0.248046875 0.4794921875 0.064453125 0.033203125
0 0.869140625 0.4912109375 0.0283203125 0.0537109375
0 0.4716796875 0.2958984375 0.0400390625 0.0185546875
0 0.46875 0.2705078125 0.0224609375 0.052734375
0 0.3779296875 0.4443359375 0.017578125 0.0458984375
0 0.375 0.392578125 0.021484375 0.048828125
0 0.6201171875 0.9375 0.0185546875 0.04296875
0 0.4306640625 0.6015625 0.0634765625 0.05859375
0 0.927734375 0.8017578125 0.0185546875 0.025390625
0 0.7470703125 0.8603515625 0.0185546875 0.0302734375
0 0.73828125 0.873046875 0.0224609375 0.0224609375
0 0.2841796875 0.5849609375 0.0185546875 0.02734375
0 0.021484375 0.798828125 0.0234375 0.0224609375
0 0.716796875 0.484375 0.0478515625 0.0615234375