0 0.7431640625 0.58984375 0.044921875 0.0546875
0 0.8916015625 0.1259765625 0.03125 0.0625
0 0.4560546875 0.6552734375 0.0615234375 0.064453125
0 0.0830078125 0.5498046875 0.0537109375 0.044921875
0 0.185546875 0.5419921875 0.0234375 0.0771484375
0 0.20703125 0.552734375 0.0302734375 0.0546875
0 0.853515625 0.6708984375 0.0390625 0.0625
0 0.8818359375 0.6650390625 0.03515625 0.0595703125
0 0.92578125 0.66796875 0.048828125 0.052734375
0 0.126953125 0.6298828125 0.0341796875 0.0341796875
0 0.947265625 0.0859375 0.06640625 0.05078125