0 0.083984375 0.646484375 0.0703125 0.0419921875
0 0.16796875 0.5 0.0615234375 0.05859375
0 0.1025390625 0.298828125 0.037109375 0.0556640625
0 0.34375 0.328125 0.0224609375 0.08203125
0 0.419921875 0.4140625 0.0390625 0.1025390625
0 0.5546875 0.388671875 0.029296875 0.0556640625
0 0.6201171875 0.259765625 0.0390625 0.037109375
0 0.3681640625 0.130859375 0.0234375 0.0966796875
0 0.79296875 0.890625 0.052734375 0.0673828125
0 0.8134765625 0.099609375 0.025390625 0.0859375
0 0.7705078125 0.2763671875 0.0400390625 0.046875
0 0.8935546875 0.1494140625 0.0244140625 0.076171875
0 0.8203125 0.798828125 0.021484375 0.0625
0 0.8486328125 0.75390625 0.0595703125 0.0400390625
0 0.3505859375 0.970703125 0.0283203125 0.052734375
0 0.09765625 0.7939453125 0.0283203125 0.0576171875
0 0.177734375 0.7314453125 0.0419921875 0.0390625
0 0.14453125 0.2353515625 0.046875 0.048828125
0 0.4248046875 0.1474609375 0.0478515625 0.0380859375