0 0.0751953125 0.3115234375 0.05859375 0.0458984375
0 0.2421875 0.3095703125 0.0595703125 0.04296875
0 0.54296875 0.5048828125 0.05859375 0.0458984375
0 0.583984375 0.5927734375 0.0498046875 0.0322265625
0 0.4833984375 0.6103515625 0.0322265625 0.0537109375
0 0.666015625 0.71484375 0.03515625 0.0302734375
0 0.6904296875 0.7998046875 0.025390625 0.0419921875
0 0.703125 0.8662109375 0.025390625 0.05859375
0 0.4072265625 0.896484375 0.0341796875 0.0458984375
0 0.7607421875 0.482421875 0.0419921875 0.0478515625
0 0.1650390625 0.8671875 0.0419921875 0.0478515625
0 0.4296875 0.8212890625 0.0263671875 0.0439453125
0 0.197265625 0.53515625 0.0302734375 0.0791015625