0 0.251953125 0.4931640625 0.0361328125 0.0322265625
0 0.240234375 0.3515625 0.060546875 0.08203125
0 0.724609375 0.6767578125 0.09375 0.0439453125
0 0.794921875 0.5224609375 0.0732421875 0.037109375
0 0.43359375 0.962890625 0.037109375 0.072265625
0 0.693359375 0.833984375 0.064453125 0.03515625
0 0.0634765625 0.7509765625 0.0517578125 0.03515625
0 0.6484375 0.052734375 0.0234375 0.0634765625
0 0.90625 0.033203125 0.0302734375 0.060546875
0 0.46484375 0.509765625 0.0732421875 0.025390625
0 0.283203125 0.619140625 0.025390625 0.07421875
0 0.7666015625 0.8466796875 0.048828125 0.111328125