0 0.244140625 0.802734375 0.060546875 0.1005859375
0 0.5380859375 0.8076171875 0.0419921875 0.048828125
0 0.6435546875 0.7119140625 0.037109375 0.0576171875
0 0.74609375 0.8642578125 0.0302734375 0.0556640625
0 0.6953125 0.4296875 0.0498046875 0.03515625
0 0.6962890625 0.40625 0.0498046875 0.033203125
0 0.2548828125 0.310546875 0.044921875 0.0283203125
0 0.732421875 0.111328125 0.03515625 0.0673828125
0 0.6708984375 0.0732421875 0.025390625 0.0322265625
0 0.3076171875 0.681640625 0.0390625 0.041015625
0 0.8974609375 0.1298828125 0.0322265625 0.03125
0 0.888671875 0.2353515625 0.03515625 0.052734375
0 0.6572265625 0.21875 0.0244140625 0.05078125