0 0.521484375 0.7861328125 0.0615234375 0.0498046875
0 0.6103515625 0.8505859375 0.037109375 0.0546875
0 0.6943359375 0.798828125 0.041015625 0.064453125
0 0.6171875 0.3095703125 0.03515625 0.072265625
0 0.7373046875 0.302734375 0.0673828125 0.037109375
0 0.7890625 0.2099609375 0.0224609375 0.07421875
0 0.8740234375 0.28515625 0.046875 0.0576171875
0 0.01953125 0.8876953125 0.03515625 0.0322265625
0 0.5732421875 0.029296875 0.037109375 0.046875
0 0.580078125 0.494140625 0.0400390625 0.1044921875
0 0.5458984375 0.1123046875 0.0810546875 0.0625
0 0.890625 0.2041015625 0.029296875 0.0673828125
0 0.8662109375 0.8251953125 0.0537109375 0.0302734375
0 0.173828125 0.9501953125 0.0361328125 0.0966796875
0 0.9794921875 0.234375 0.037109375 0.0576171875
0 0.43359375 0.1640625 0.025390625 0.052734375