0 0.1435546875 0.2880859375 0.0341796875 0.0634765625
0 0.1279296875 0.4853515625 0.0234375 0.064453125
0 0.0361328125 0.583984375 0.0341796875 0.0625
0 0.2197265625 0.908203125 0.0341796875 0.0625
0 0.3037109375 0.8447265625 0.0439453125 0.1171875
0 0.248046875 0.701171875 0.02734375 0.064453125
0 0.3876953125 0.6796875 0.02734375 0.0322265625
0 0.57421875 0.63671875 0.0380859375 0.0654296875
0 0.505859375 0.494140625 0.0380859375 0.0537109375
0 0.4365234375 0.3681640625 0.0302734375 0.0625
0 0.6025390625 0.5234375 0.029296875 0.0927734375
0 0.6083984375 0.2470703125 0.0693359375 0.0419921875
0 0.935546875 0.1552734375 0.0283203125 0.0810546875
0 0.6826171875 0.08203125 0.033203125 0.0537109375
0 0.6259765625 0.1171875 0.03515625 0.0419921875
0 0.7001953125 0.505859375 0.0439453125 0.037109375
0 0.259765625 0.2763671875 0.0556640625 0.052734375
0 0.490234375 0.787109375 0.0693359375 0.0341796875