0 0.2861328125 0.443359375 0.0341796875 0.041015625
0 0.107421875 0.84765625 0.0439453125 0.025390625
0 0.251953125 0.78515625 0.0361328125 0.0390625
0 0.0322265625 0.97265625 0.021484375 0.0439453125
0 0.8828125 0.416015625 0.0322265625 0.0458984375
0 0.9560546875 0.275390625 0.037109375 0.04296875
0 0.9677734375 0.5751953125 0.04296875 0.0302734375
0 0.517578125 0.978515625 0.0419921875 0.0302734375
0 0.94921875 0.9482421875 0.029296875 0.048828125
0 0.337890625 0.447265625 0.0498046875 0.05078125
0 0.3837890625 0.3935546875 0.0126953125 0.0322265625
0 0.5751953125 0.41015625 0.025390625 0.033203125
0 0.103515625 0.3720703125 0.0205078125 0.0322265625
0 0.29296875 0.98046875 0.025390625 0.037109375
0 0.42578125 0.2138671875 0.0263671875 0.041015625