0 0.2841796875 0.619140625 0.0400390625 0.0537109375
0 0.189453125 0.8857421875 0.05859375 0.06640625
0 0.3671875 0.19140625 0.0234375 0.0927734375
0 0.529296875 0.3916015625 0.0322265625 0.0537109375
0 0.4521484375 0.5078125 0.0283203125 0.048828125
0 0.447265625 0.62890625 0.0224609375 0.087890625
0 0.3701171875 0.8017578125 0.0498046875 0.044921875
0 0.583984375 0.638671875 0.05078125 0.0439453125
0 0.6865234375 0.5302734375 0.0322265625 0.0791015625
0 0.7890625 0.4111328125 0.025390625 0.0673828125
0 0.7841796875 0.470703125 0.0380859375 0.060546875
0 0.9560546875 0.6396484375 0.02734375 0.0556640625
0 0.73046875 0.97265625 0.021484375 0.0439453125
0 0.123046875 0.3359375 0.0673828125 0.0576171875
0 0.134765625 0.41796875 0.03515625 0.091796875
0 0.8720703125 0.2353515625 0.0341796875 0.1064453125
0 0.7705078125 0.171875 0.0341796875 0.087890625
0 0.732421875 0.052734375 0.029296875 0.0751953125