0 0.5390625 0.48828125 0.0244140625 0.0498046875
0 0.5595703125 0.4384765625 0.0654296875 0.064453125
0 0.703125 0.3095703125 0.0537109375 0.0927734375
0 0.92578125 0.3984375 0.048828125 0.0400390625
0 0.7255859375 0.6943359375 0.0615234375 0.048828125
0 0.4716796875 0.658203125 0.0234375 0.0673828125
0 0.544921875 0.134765625 0.044921875 0.0546875
0 0.7470703125 0.232421875 0.0322265625 0.0771484375
0 0.017578125 0.396484375 0.0224609375 0.0771484375
0 0.033203125 0.3876953125 0.0283203125 0.0625
0 0.4609375 0.236328125 0.029296875 0.0849609375
0 0.5751953125 0.1767578125 0.046875 0.0625
0 0.580078125 0.068359375 0.0537109375 0.072265625