0 0.7333984375 0.357421875 0.03125 0.0556640625
0 0.9677734375 0.4013671875 0.02734375 0.076171875
0 0.9892578125 0.4970703125 0.0185546875 0.060546875
0 0.7724609375 0.3857421875 0.037109375 0.0888671875
0 0.654296875 0.5283203125 0.0185546875 0.0478515625
0 0.4560546875 0.3759765625 0.02734375 0.072265625
0 0.1845703125 0.177734375 0.0185546875 0.0712890625
0 0.2275390625 0.18359375 0.0517578125 0.0283203125
0 0.16796875 0.3291015625 0.021484375 0.0537109375
0 0.134765625 0.5419921875 0.044921875 0.037109375
0 0.54296875 0.75390625 0.0263671875 0.0556640625
0 0.66015625 0.8271484375 0.0302734375 0.0869140625
0 0.5908203125 0.654296875 0.0478515625 0.0205078125
0 0.751953125 0.5263671875 0.0546875 0.0849609375
0 0.4541015625 0.525390625 0.0546875 0.05859375
0 0.1064453125 0.892578125 0.046875 0.0341796875
0 0.1171875 0.849609375 0.0400390625 0.02734375
0 0.046875 0.62109375 0.029296875 0.0625
0 0.044921875 0.5400390625 0.0517578125 0.04296875
0 0.09375 0.482421875 0.0263671875 0.0810546875
0 0.1728515625 0.4345703125 0.025390625 0.0576171875
0 0.361328125 0.404296875 0.02734375 0.0419921875
0 0.478515625 0.3994140625 0.029296875 0.0537109375
0 0.5625 0.4208984375 0.044921875 0.072265625
0 0.53515625 0.37109375 0.0302734375 0.05078125
0 0.6396484375 0.33984375 0.0595703125 0.048828125
0 0.5654296875 0.5224609375 0.05078125 0.037109375
0 0.6650390625 0.25 0.05859375 0.0625
0 0.5400390625 0.2490234375 0.0234375 0.0595703125
0 0.462890625 0.1123046875 0.0302734375 0.048828125
0 0.482421875 0.1025390625 0.04296875 0.0458984375
0 0.2265625 0.2626953125 0.033203125 0.0341796875
0 0.2587890625 0.2431640625 0.029296875 0.07421875
0 0.2109375 0.0283203125 0.068359375 0.0537109375
0 0.798828125 0.0478515625 0.0234375 0.0537109375
0 0.890625 0.255859375 0.0419921875 0.033203125
0 0.9228515625 0.3173828125 0.037109375 0.0810546875
0 0.6328125 0.7451171875 0.0283203125 0.0537109375
0 0.07421875 0.0263671875 0.0322265625 0.052734375
0 0.0888671875 0.0830078125 0.0263671875 0.052734375
0 0.048828125 0.20703125 0.03515625 0.0302734375
0 0.7314453125 0.2021484375 0.0205078125 0.0478515625
0 0.177734375 0.681640625 0.0341796875 0.025390625
0 0.7099609375 0.6484375 0.0283203125 0.072265625
0 0.52734375 0.064453125 0.0556640625 0.0576171875