0 0.86328125 0.787109375 0.0732421875 0.052734375
0 0.5595703125 0.7470703125 0.05078125 0.048828125
0 0.59375 0.2275390625 0.044921875 0.08203125
0 0.654296875 0.7060546875 0.0283203125 0.072265625
0 0.216796875 0.380859375 0.041015625 0.025390625
0 0.69921875 0.39453125 0.03515625 0.037109375
0 0.205078125 0.150390625 0.05859375 0.041015625
0 0.365234375 0.5341796875 0.0302734375 0.0693359375
0 0.7509765625 0.552734375 0.03515625 0.0673828125
0 0.1689453125 0.2939453125 0.044921875 0.02734375
0 0.1767578125 0.2373046875 0.048828125 0.0458984375
0 0.3759765625 0.7041015625 0.0234375 0.0859375
0 0.6435546875 0.7958984375 0.0537109375 0.0478515625
0 0.326171875 0.84765625 0.0390625 0.060546875
0 0.3134765625 0.6328125 0.05859375 0.0556640625