0 0.353515625 0.60546875 0.02734375 0.0791015625
0 0.4677734375 0.6259765625 0.0244140625 0.0576171875
0 0.646484375 0.2666015625 0.046875 0.0595703125
0 0.947265625 0.2626953125 0.083984375 0.052734375
0 0.5048828125 0.6611328125 0.046875 0.037109375
0 0.8310546875 0.833984375 0.037109375 0.0546875
0 0.8095703125 0.939453125 0.056640625 0.0576171875
0 0.248046875 0.8154296875 0.044921875 0.037109375
0 0.365234375 0.798828125 0.03515625 0.095703125
0 0.4111328125 0.822265625 0.046875 0.048828125
0 0.259765625 0.705078125 0.0673828125 0.033203125
0 0.2421875 0.6669921875 0.0703125 0.052734375
0 0.640625 0.4306640625 0.044921875 0.0224609375
0 0.6435546875 0.4482421875 0.0537109375 0.025390625
0 0.8037109375 0.3798828125 0.0341796875 0.046875
0 0.798828125 0.4423828125 0.048828125 0.0458984375
0 0.9765625 0.6884765625 0.0458984375 0.05859375
0 0.35546875 0.22265625 0.0302734375 0.0576171875
0 0.708984375 0.8388671875 0.0537109375 0.072265625
0 0.576171875 0.873046875 0.03515625 0.0947265625
0 0.5234375 0.0712890625 0.0595703125 0.03515625
0 0.771484375 0.0947265625 0.02734375 0.0302734375