0 0.2783203125 0.244140625 0.0478515625 0.0380859375
0 0.748046875 0.2490234375 0.0224609375 0.06640625
0 0.8203125 0.3935546875 0.0654296875 0.0556640625
0 0.7568359375 0.4287109375 0.029296875 0.0673828125
0 0.693359375 0.439453125 0.0732421875 0.0322265625
0 0.177734375 0.478515625 0.0556640625 0.0576171875
0 0.2216796875 0.6025390625 0.052734375 0.0283203125
0 0.3544921875 0.6416015625 0.0595703125 0.052734375
0 0.3935546875 0.908203125 0.064453125 0.025390625
0 0.37890625 0.9267578125 0.037109375 0.0283203125
0 0.4150390625 0.9404296875 0.0263671875 0.025390625
0 0.4248046875 0.9853515625 0.04296875 0.02734375
0 0.873046875 0.7880859375 0.0751953125 0.1025390625
0 0.880859375 0.673828125 0.0400390625 0.0625
0 0.75390625 0.5615234375 0.044921875 0.0400390625