0 0.1806640625 0.6279296875 0.033203125 0.0576171875
0 0.0458984375 0.6328125 0.037109375 0.0390625
0 0.6181640625 0.654296875 0.04296875 0.037109375
0 0.7294921875 0.6748046875 0.0390625 0.060546875
0 0.7998046875 0.9814453125 0.03515625 0.0302734375
0 0.7353515625 0.9736328125 0.048828125 0.0517578125
0 0.9716796875 0.537109375 0.0400390625 0.0322265625
0 0.7734375 0.2080078125 0.0390625 0.0791015625
0 0.388671875 0.3681640625 0.0419921875 0.048828125
0 0.943359375 0.1279296875 0.060546875 0.037109375
0 0.044921875 0.822265625 0.0341796875 0.05859375
0 0.8818359375 0.9111328125 0.0302734375 0.03515625
0 0.0888671875 0.3212890625 0.0556640625 0.025390625
0 0.115234375 0.3076171875 0.021484375 0.0458984375