0 0.890625 0.2431640625 0.03515625 0.1123046875
0 0.5966796875 0.1728515625 0.041015625 0.0673828125
0 0.23046875 0.212890625 0.0234375 0.052734375
0 0.1513671875 0.2705078125 0.0302734375 0.0322265625
0 0.0458984375 0.2080078125 0.0390625 0.0322265625
0 0.1171875 0.037109375 0.0205078125 0.04296875
0 0.6796875 0.3994140625 0.0185546875 0.072265625
0 0.5439453125 0.2177734375 0.0390625 0.0322265625
0 0.5244140625 0.3603515625 0.0634765625 0.072265625
0 0.2958984375 0.9052734375 0.04296875 0.07421875
0 0.0361328125 0.6171875 0.0341796875 0.04296875