0 0.662109375 0.5888671875 0.046875 0.0322265625
0 0.623046875 0.484375 0.06640625 0.0478515625
0 0.146484375 0.5439453125 0.05078125 0.0927734375
0 0.01953125 0.2421875 0.03515625 0.052734375
0 0.396484375 0.1982421875 0.041015625 0.0576171875
0 0.3564453125 0.412109375 0.041015625 0.046875
0 0.771484375 0.1611328125 0.046875 0.0576171875
0 0.5146484375 0.0615234375 0.041015625 0.0576171875
0 0.4287109375 0.0244140625 0.0283203125 0.037109375
0 0.0390625 0.0146484375 0.05859375 0.029296875
0 0.2392578125 0.6572265625 0.0634765625 0.0302734375
0 0.458984375 0.9130859375 0.037109375 0.0439453125
0 0.4775390625 0.935546875 0.0126953125 0.0166015625
0 0.8046875 0.427734375 0.0341796875 0.0576171875
0 0.1787109375 0.111328125 0.0322265625 0.072265625
0 0.501953125 0.53125 0.021484375 0.060546875
0 0.048828125 0.6904296875 0.037109375 0.0556640625
0 0.2978515625 0.8583984375 0.0439453125 0.037109375
0 0.7119140625 0.740234375 0.06640625 0.033203125
0 0.544921875 0.439453125 0.04296875 0.0625
0 0.19140625 0.3466796875 0.0283203125 0.072265625