0 0.1689453125 0.3466796875 0.0546875 0.052734375
0 0.53515625 0.1748046875 0.03515625 0.076171875
0 0.7177734375 0.19921875 0.0478515625 0.0576171875
0 0.7060546875 0.271484375 0.0283203125 0.0537109375
0 0.98828125 0.3369140625 0.021484375 0.04296875
0 0.984375 0.5263671875 0.0302734375 0.037109375
0 0.7587890625 0.8173828125 0.048828125 0.0478515625
0 0.9296875 0.9189453125 0.0185546875 0.0537109375
0 0.8603515625 0.830078125 0.0419921875 0.0810546875
0 0.6669921875 0.85546875 0.0341796875 0.0712890625
0 0.5576171875 0.939453125 0.033203125 0.0712890625
0 0.5419921875 0.83984375 0.0390625 0.037109375
0 0.5380859375 0.330078125 0.0625 0.044921875
0 0.4873046875 0.0263671875 0.0341796875 0.052734375
0 0.681640625 0.6845703125 0.05078125 0.037109375
0 0.8173828125 0.6435546875 0.0517578125 0.0419921875
0 0.3515625 0.66796875 0.0458984375 0.1123046875
0 0.2861328125 0.4765625 0.0322265625 0.0625
0 0.435546875 0.384765625 0.0615234375 0.04296875
0 0.576171875 0.4599609375 0.052734375 0.0478515625
0 0.525390625 0.447265625 0.0615234375 0.0322265625
0 0.3330078125 0.1328125 0.0693359375 0.0556640625