0 0.6533203125 0.6474609375 0.0673828125 0.0546875
0 0.841796875 0.60546875 0.037109375 0.0498046875
0 0.234375 0.7216796875 0.0390625 0.0595703125
0 0.2734375 0.171875 0.03515625 0.0791015625
0 0.5751953125 0.123046875 0.0595703125 0.052734375
0 0.6240234375 0.1064453125 0.0322265625 0.0673828125
0 0.796875 0.302734375 0.0703125 0.0419921875
0 0.5009765625 0.5595703125 0.0322265625 0.107421875
0 0.5078125 0.34765625 0.044921875 0.08203125
0 0.4765625 0.734375 0.046875 0.044921875
0 0.6181640625 0.5380859375 0.0498046875 0.037109375
0 0.32421875 0.5810546875 0.0517578125 0.0390625
0 0.3017578125 0.6162109375 0.0302734375 0.0595703125
0 0.2607421875 0.8369140625 0.0478515625 0.0478515625
0 0.6923828125 0.02734375 0.033203125 0.0546875
0 0.4833984375 0.2041015625 0.0703125 0.0478515625
0 0.197265625 0.04296875 0.064453125 0.03515625
0 0.83984375 0.900390625 0.03515625 0.0537109375
0 0.685546875 0.98046875 0.0458984375 0.037109375
0 0.51953125 0.0166015625 0.0478515625 0.033203125