0 0.7783203125 0.5185546875 0.048828125 0.0576171875
0 0.421875 0.6708984375 0.0302734375 0.0625
0 0.234375 0.55859375 0.02734375 0.0576171875
0 0.15625 0.4755859375 0.03515625 0.080078125
0 0.1884765625 0.26171875 0.0751953125 0.064453125
0 0.771484375 0.23046875 0.02734375 0.1025390625
0 0.919921875 0.5927734375 0.0634765625 0.0849609375
0 0.1162109375 0.2119140625 0.0302734375 0.044921875
0 0.5732421875 0.158203125 0.044921875 0.0224609375
0 0.3212890625 0.8193359375 0.0517578125 0.072265625
0 0.3408203125 0.53125 0.04296875 0.0712890625
0 0.0546875 0.4248046875 0.0341796875 0.060546875