0 0.5693359375 0.3681640625 0.0517578125 0.029296875
0 0.7783203125 0.658203125 0.0185546875 0.052734375
0 0.791015625 0.615234375 0.0224609375 0.0498046875
0 0.9248046875 0.6015625 0.0576171875 0.037109375
0 0.87890625 0.703125 0.0224609375 0.072265625
0 0.154296875 0.8984375 0.0322265625 0.044921875
0 0.7109375 0.2392578125 0.0595703125 0.0546875
0 0.41015625 0.111328125 0.0244140625 0.0576171875
0 0.7548828125 0.279296875 0.0390625 0.064453125
0 0.455078125 0.0576171875 0.0419921875 0.07421875
0 0.611328125 0.9208984375 0.0419921875 0.0576171875
0 0.4150390625 0.2548828125 0.03515625 0.064453125
0 0.8837890625 0.0224609375 0.0654296875 0.0341796875