0 0.380859375 0.4794921875 0.0546875 0.07421875
0 0.400390625 0.6201171875 0.0546875 0.0810546875
0 0.46875 0.615234375 0.0263671875 0.0419921875
0 0.619140625 0.6259765625 0.025390625 0.0537109375
0 0.7109375 0.6279296875 0.0341796875 0.0791015625
0 0.7421875 0.544921875 0.044921875 0.0888671875
0 0.71875 0.4521484375 0.0390625 0.060546875
0 0.8037109375 0.1962890625 0.0283203125 0.0478515625
0 0.841796875 0.25 0.0283203125 0.0546875
0 0.90625 0.2080078125 0.0205078125 0.072265625
0 0.18359375 0.5234375 0.037109375 0.0322265625
0 0.2109375 0.71484375 0.03125 0.07421875
0 0.4384765625 0.9345703125 0.0322265625 0.0771484375
0 0.6142578125 0.775390625 0.025390625 0.0546875
0 0.6201171875 0.67578125 0.0234375 0.0625
0 0.5048828125 0.458984375 0.05859375 0.02734375
0 0.1748046875 0.962890625 0.0439453125 0.0615234375
0 0.3037109375 0.103515625 0.03515625 0.0625
0 0.0419921875 0.53515625 0.0302734375 0.0673828125
0 0.54296875 0.744140625 0.017578125 0.064453125
0 0.7998046875 0.1064453125 0.03515625 0.0537109375