0 0.501953125 0.1259765625 0.0341796875 0.1025390625
0 0.6689453125 0.34765625 0.0322265625 0.0625
0 0.9248046875 0.34765625 0.0244140625 0.072265625
0 0.3447265625 0.4453125 0.0322265625 0.064453125
0 0.7236328125 0.84375 0.0234375 0.0595703125
0 0.9306640625 0.857421875 0.02734375 0.0673828125
0 0.5244140625 0.8876953125 0.0634765625 0.052734375
0 0.662109375 0.548828125 0.03515625 0.0478515625
0 0.4404296875 0.7392578125 0.0322265625 0.068359375
0 0.8251953125 0.634765625 0.0234375 0.0654296875
0 0.5498046875 0.10546875 0.0517578125 0.0625