0 0.4560546875 0.2861328125 0.060546875 0.03515625
0 0.14453125 0.650390625 0.0302734375 0.0673828125
0 0.5546875 0.751953125 0.02734375 0.0634765625
0 0.6630859375 0.595703125 0.0537109375 0.025390625
0 0.4404296875 0.8486328125 0.0576171875 0.037109375
0 0.3515625 0.9052734375 0.0361328125 0.07421875
0 0.408203125 0.7412109375 0.02734375 0.04296875
0 0.4912109375 0.970703125 0.03125 0.0390625
0 0.6376953125 0.6455078125 0.0185546875 0.0673828125
0 0.67578125 0.53125 0.048828125 0.0478515625
0 0.0869140625 0.3955078125 0.025390625 0.0458984375
0 0.701171875 0.8154296875 0.037109375 0.0322265625
0 0.6845703125 0.28125 0.0341796875 0.04296875