0 0.724609375 0.76953125 0.02734375 0.0458984375
0 0.6708984375 0.8125 0.060546875 0.0458984375
0 0.62109375 0.7880859375 0.0478515625 0.0458984375
0 0.4345703125 0.6953125 0.0390625 0.04296875
0 0.466796875 0.84375 0.048828125 0.052734375
0 0.4931640625 0.8896484375 0.060546875 0.0302734375
0 0.1328125 0.7900390625 0.0888671875 0.048828125
0 0.5703125 0.2333984375 0.0498046875 0.08203125
0 0.595703125 0.2744140625 0.0126953125 0.0166015625
0 0.115234375 0.1845703125 0.048828125 0.0361328125
0 0.75390625 0.220703125 0.037109375 0.0537109375
0 0.9375 0.0185546875 0.0234375 0.037109375
0 0.900390625 0.2451171875 0.060546875 0.048828125
0 0.9404296875 0.203125 0.0537109375 0.0693359375