0 0.279296875 0.3125 0.0615234375 0.0478515625
0 0.255859375 0.251953125 0.0302734375 0.0546875
0 0.7001953125 0.2080078125 0.037109375 0.0478515625
0 0.591796875 0.28125 0.0302734375 0.0693359375
0 0.7294921875 0.26953125 0.052734375 0.025390625
0 0.7724609375 0.5537109375 0.0185546875 0.072265625
0 0.6357421875 0.8505859375 0.0244140625 0.0595703125
0 0.0771484375 0.4013671875 0.0712890625 0.02734375
0 0.4013671875 0.0283203125 0.0341796875 0.0439453125
0 0.279296875 0.04296875 0.03515625 0.08203125
0 0.9033203125 0.7373046875 0.0283203125 0.0625
0 0.521484375 0.904296875 0.0322265625 0.064453125
0 0.5166015625 0.3994140625 0.029296875 0.041015625
0 0.37109375 0.755859375 0.0595703125 0.060546875
0 0.4443359375 0.619140625 0.037109375 0.05078125
0 0.9052734375 0.8037109375 0.0380859375 0.095703125