0 0.65234375 0.34375 0.04296875 0.05078125
0 0.4921875 0.3720703125 0.037109375 0.0556640625
0 0.318359375 0.1689453125 0.0673828125 0.037109375
0 0.154296875 0.1640625 0.0732421875 0.0625
0 0.4765625 0.03515625 0.05859375 0.064453125
0 0.587890625 0.4921875 0.0751953125 0.05078125
0 0.5009765625 0.5537109375 0.0732421875 0.048828125
0 0.541015625 0.5966796875 0.0224609375 0.05859375
0 0.4248046875 0.7802734375 0.078125 0.0380859375
0 0.2275390625 0.6318359375 0.0390625 0.025390625
0 0.2548828125 0.6162109375 0.046875 0.0322265625
0 0.720703125 0.775390625 0.0302734375 0.0810546875
0 0.6552734375 0.830078125 0.048828125 0.0380859375
0 0.3154296875 0.9716796875 0.0400390625 0.037109375
0 0.1171875 0.935546875 0.0458984375 0.046875
0 0.16015625 0.9248046875 0.060546875 0.0859375
0 0.0751953125 0.9775390625 0.0537109375 0.0390625
0 0.8623046875 0.6025390625 0.03125 0.0830078125
0 0.9638671875 0.6787109375 0.0654296875 0.048828125