0 0.3564453125 0.140625 0.0673828125 0.037109375
0 0.234375 0.412109375 0.0322265625 0.0576171875
0 0.5751953125 0.1953125 0.044921875 0.0224609375
0 0.0107421875 0.3603515625 0.0205078125 0.0673828125
0 0.7978515625 0.4169921875 0.0283203125 0.0625
0 0.4873046875 0.630859375 0.037109375 0.072265625
0 0.1943359375 0.3994140625 0.044921875 0.0322265625
0 0.015625 0.0771484375 0.03125 0.041015625
0 0.115234375 0.4521484375 0.05078125 0.037109375
0 0.76171875 0.4794921875 0.0205078125 0.07421875
0 0.919921875 0.017578125 0.0234375 0.03515625