0 0.6806640625 0.1220703125 0.0341796875 0.083984375
0 0.7138671875 0.23046875 0.0283203125 0.0771484375
0 0.8876953125 0.2001953125 0.041015625 0.0498046875
0 0.7451171875 0.642578125 0.0302734375 0.080078125
0 0.3623046875 0.4794921875 0.0263671875 0.0927734375
0 0.8583984375 0.880859375 0.029296875 0.099609375
0 0.17578125 0.1923828125 0.0517578125 0.0390625
0 0.0283203125 0.15625 0.0224609375 0.0771484375
0 0.5908203125 0.5986328125 0.046875 0.0625
0 0.533203125 0.14453125 0.0322265625 0.0546875
0 0.3095703125 0.6337890625 0.013671875 0.0703125
0 0.3505859375 0.1279296875 0.0341796875 0.0703125