0 0.970703125 0.79296875 0.0224609375 0.0771484375
0 0.8720703125 0.6025390625 0.0595703125 0.0458984375
0 0.73828125 0.5751953125 0.025390625 0.07421875
0 0.6357421875 0.533203125 0.04296875 0.0673828125
0 0.580078125 0.435546875 0.0302734375 0.0537109375
0 0.681640625 0.349609375 0.0390625 0.0458984375
0 0.5283203125 0.2958984375 0.0224609375 0.08203125
0 0.48828125 0.2314453125 0.03125 0.0537109375
0 0.4482421875 0.0859375 0.0380859375 0.0712890625
0 0.0986328125 0.2978515625 0.021484375 0.0625
0 0.298828125 0.4384765625 0.0380859375 0.107421875
0 0.4560546875 0.69140625 0.0537109375 0.0478515625
0 0.15234375 0.80078125 0.0380859375 0.0576171875
0 0.8916015625 0.20703125 0.033203125 0.072265625
0 0.9443359375 0.2763671875 0.0830078125 0.046875
0 0.708984375 0.068359375 0.0341796875 0.0888671875
0 0.4541015625 0.3623046875 0.0380859375 0.05078125
0 0.33984375 0.138671875 0.04296875 0.05859375
0 0.5341796875 0.912109375 0.0341796875 0.0576171875
0 0.9375 0.88671875 0.0234375 0.048828125
0 0.8515625 0.8505859375 0.04296875 0.076171875
0 0.6962890625 0.2265625 0.046875 0.0625
0 0.5888671875 0.7548828125 0.044921875 0.0556640625
0 0.1796875 0.486328125 0.0322265625 0.0888671875
0 0.373046875 0.419921875 0.0263671875 0.0478515625