0 0.1826171875 0.4775390625 0.048828125 0.0751953125
0 0.6298828125 0.365234375 0.03515625 0.0625
0 0.947265625 0.7490234375 0.0615234375 0.0439453125
0 0.919921875 0.8837890625 0.0263671875 0.0546875
0 0.958984375 0.37890625 0.0302734375 0.064453125
0 0.5400390625 0.697265625 0.068359375 0.0439453125
0 0.6923828125 0.8642578125 0.0205078125 0.04296875
0 0.4638671875 0.3818359375 0.0302734375 0.0322265625
0 0.4560546875 0.322265625 0.021484375 0.048828125
0 0.1962890625 0.767578125 0.0341796875 0.033203125
0 0.224609375 0.0380859375 0.02734375 0.044921875
0 0.08984375 0.4150390625 0.046875 0.037109375
0 0.693359375 0.43359375 0.037109375 0.0576171875