0 0.046875 0.1220703125 0.0400390625 0.0458984375
0 0.1025390625 0.22265625 0.0341796875 0.0673828125
0 0.361328125 0.169921875 0.033203125 0.0810546875
0 0.318359375 0.236328125 0.037109375 0.0166015625
0 0.3603515625 0.2666015625 0.060546875 0.0302734375
0 0.0205078125 0.359375 0.041015625 0.0703125
0 0.1796875 0.462890625 0.05859375 0.048828125
0 0.2412109375 0.556640625 0.052734375 0.041015625
0 0.0810546875 0.8896484375 0.0205078125 0.08203125
0 0.1044921875 0.8955078125 0.0380859375 0.0673828125
0 0.1474609375 0.8486328125 0.033203125 0.0458984375
0 0.31640625 0.775390625 0.0283203125 0.076171875
0 0.5146484375 0.50390625 0.05078125 0.0439453125
0 0.771484375 0.1572265625 0.056640625 0.0439453125
0 0.818359375 0.130859375 0.0517578125 0.0361328125
0 0.927734375 0.701171875 0.025390625 0.0771484375
0 0.6455078125 0.705078125 0.0234375 0.05078125
0 0.66015625 0.8193359375 0.0302734375 0.060546875
0 0.71484375 0.9189453125 0.052734375 0.041015625
0 0.9287109375 0.9619140625 0.0859375 0.0419921875
0 0.814453125 0.2451171875 0.0810546875 0.0458984375