0 0.71875 0.505859375 0.0947265625 0.0302734375
0 0.51953125 0.51171875 0.0546875 0.0625
0 0.12109375 0.306640625 0.048828125 0.0400390625
0 0.357421875 0.240234375 0.0556640625 0.052734375
0 0.255859375 0.0224609375 0.03125 0.044921875
0 0.9765625 0.58984375 0.0224609375 0.0576171875
0 0.5927734375 0.3525390625 0.0302734375 0.07421875
0 0.75390625 0.427734375 0.0283203125 0.0966796875
0 0.1650390625 0.8427734375 0.0634765625 0.048828125
0 0.615234375 0.728515625 0.064453125 0.0302734375
0 0.474609375 0.6611328125 0.04296875 0.037109375