0 0.3486328125 0.4677734375 0.037109375 0.0546875
0 0.927734375 0.779296875 0.044921875 0.0546875
0 0.4794921875 0.150390625 0.037109375 0.044921875
0 0.4765625 0.4990234375 0.03125 0.0771484375
0 0.828125 0.0546875 0.046875 0.044921875
0 0.9296875 0.267578125 0.0341796875 0.052734375
0 0.3916015625 0.169921875 0.0439453125 0.0419921875
0 0.3291015625 0.6005859375 0.0341796875 0.0576171875
0 0.275390625 0.3505859375 0.0439453125 0.033203125
0 0.189453125 0.4599609375 0.0380859375 0.0712890625
0 0.9580078125 0.8095703125 0.03515625 0.0478515625
0 0.947265625 0.869140625 0.04296875 0.0625
0 0.9345703125 0.583984375 0.037109375 0.0625