0 0.7802734375 0.3662109375 0.044921875 0.0703125
0 0.54296875 0.458984375 0.041015625 0.0322265625
0 0.78125 0.603515625 0.0283203125 0.0478515625
0 0.7275390625 0.748046875 0.025390625 0.0517578125
0 0.927734375 0.8017578125 0.0712890625 0.0390625
0 0.302734375 0.6298828125 0.0302734375 0.0595703125
0 0.6474609375 0.7158203125 0.078125 0.0322265625
0 0.5595703125 0.27734375 0.03125 0.052734375
0 0.8515625 0.7861328125 0.025390625 0.07421875
0 0.1376953125 0.494140625 0.0234375 0.072265625
0 0.0458984375 0.70703125 0.0517578125 0.0390625
0 0.02734375 0.583984375 0.0390625 0.02734375
0 0.244140625 0.755859375 0.037109375 0.0439453125
0 0.2939453125 0.7255859375 0.025390625 0.0625
0 0.326171875 0.0576171875 0.046875 0.0478515625
0 0.5908203125 0.4814453125 0.0205078125 0.0625
0 0.9296875 0.4814453125 0.0478515625 0.0185546875
0 0.5966796875 0.0947265625 0.033203125 0.0625