0 0.59765625 0.443359375 0.056640625 0.0439453125
0 0.71875 0.3896484375 0.0986328125 0.037109375
0 0.9736328125 0.6962890625 0.0498046875 0.0615234375
0 0.7109375 0.6591796875 0.0390625 0.0673828125
0 0.73046875 0.6318359375 0.0263671875 0.0751953125
0 0.75390625 0.7578125 0.052734375 0.052734375
0 0.7021484375 0.794921875 0.0654296875 0.0966796875
0 0.3212890625 0.8828125 0.0732421875 0.0419921875
0 0.591796875 0.9580078125 0.033203125 0.0615234375
0 0.6845703125 0.984375 0.025390625 0.0283203125
0 0.12109375 0.3173828125 0.0283203125 0.072265625
0 0.1484375 0.32421875 0.0302734375 0.09375
0 0.4384765625 0.2421875 0.0419921875 0.0947265625
0 0.3056640625 0.125 0.0400390625 0.041015625
0 0.3125 0.015625 0.0498046875 0.0224609375
0 0.529296875 0.0693359375 0.037109375 0.0712890625