0 0.37890625 0.1982421875 0.037109375 0.072265625
0 0.33984375 0.2763671875 0.0126953125 0.0166015625
0 0.3544921875 0.306640625 0.029296875 0.060546875
0 0.060546875 0.171875 0.04296875 0.0302734375
0 0.4833984375 0.2265625 0.029296875 0.0693359375
0 0.0791015625 0.6982421875 0.041015625 0.0322265625
0 0.673828125 0.14453125 0.0634765625 0.0595703125
0 0.916015625 0.0771484375 0.0302734375 0.0546875
0 0.583984375 0.8427734375 0.048828125 0.02734375
0 0.1220703125 0.474609375 0.0517578125 0.0791015625
0 0.2158203125 0.923828125 0.0302734375 0.0576171875
0 0.240234375 0.791015625 0.0302734375 0.0849609375
0 0.6494140625 0.3310546875 0.0390625 0.05078125
0 0.4365234375 0.3046875 0.0234375 0.0302734375
0 0.4755859375 0.310546875 0.0478515625 0.037109375
0 0.7890625 0.1103515625 0.0537109375 0.052734375
0 0.0849609375 0.2646484375 0.0302734375 0.076171875
0 0.6064453125 0.5458984375 0.0263671875 0.0771484375