0 0.537109375 0.419921875 0.0244140625 0.052734375
0 0.19140625 0.099609375 0.05859375 0.0400390625
0 0.9287109375 0.5126953125 0.0234375 0.07421875
0 0.2216796875 0.4521484375 0.0283203125 0.08203125
0 0.26171875 0.5546875 0.0302734375 0.0498046875
0 0.01953125 0.734375 0.03515625 0.08984375
0 0.1103515625 0.9404296875 0.0126953125 0.0166015625
0 0.125 0.966796875 0.0302734375 0.052734375
0 0.5498046875 0.5068359375 0.0322265625 0.0576171875
0 0.7470703125 0.1630859375 0.0380859375 0.03515625
0 0.1455078125 0.2412109375 0.0322265625 0.037109375
0 0.8486328125 0.48828125 0.05078125 0.0419921875
0 0.8447265625 0.4619140625 0.048828125 0.046875
0 0.39453125 0.16015625 0.0302734375 0.0634765625