0 0.189453125 0.3642578125 0.048828125 0.0634765625
0 0.2470703125 0.3837890625 0.056640625 0.0556640625
0 0.208984375 0.5146484375 0.0341796875 0.06640625
0 0.1435546875 0.8408203125 0.0390625 0.0556640625
0 0.357421875 0.626953125 0.0439453125 0.0390625
0 0.64453125 0.6435546875 0.021484375 0.0693359375
0 0.6298828125 0.9267578125 0.046875 0.03515625
0 0.439453125 0.9580078125 0.037109375 0.0400390625
0 0.5322265625 0.833984375 0.0703125 0.06640625
0 0.955078125 0.884765625 0.048828125 0.05859375
0 0.7607421875 0.51171875 0.0771484375 0.0380859375
0 0.77734375 0.48046875 0.0380859375 0.0302734375
0 0.826171875 0.46484375 0.044921875 0.0419921875