0 0.3037109375 0.1142578125 0.0439453125 0.0576171875
0 0.34375 0.0478515625 0.0126953125 0.0166015625
0 0.359375 0.07421875 0.0302734375 0.0537109375
0 0.408203125 0.091796875 0.03515625 0.0380859375
0 0.46484375 0.1005859375 0.0478515625 0.0361328125
0 0.5361328125 0.1279296875 0.0205078125 0.0654296875
0 0.849609375 0.25 0.0419921875 0.0478515625
0 0.8544921875 0.4462890625 0.076171875 0.04296875
0 0.857421875 0.625 0.0224609375 0.0458984375
0 0.7470703125 0.59375 0.03515625 0.04296875
0 0.5224609375 0.5224609375 0.037109375 0.052734375
0 0.4853515625 0.5146484375 0.0634765625 0.046875
0 0.419921875 0.36328125 0.0439453125 0.048828125
0 0.568359375 0.337890625 0.0595703125 0.0322265625
0 0.4921875 0.4248046875 0.05078125 0.033203125
0 0.2666015625 0.7216796875 0.033203125 0.0400390625
0 0.037109375 0.7490234375 0.0419921875 0.02734375
0 0.4912109375 0.787109375 0.0595703125 0.04296875
0 0.564453125 0.732421875 0.080078125 0.0390625
0 0.640625 0.7109375 0.03515625 0.0390625
0 0.533203125 0.8837890625 0.0517578125 0.05078125
0 0.5263671875 0.982421875 0.0615234375 0.0283203125
0 0.947265625 0.943359375 0.0224609375 0.076171875
0 0.4140625 0.6865234375 0.0517578125 0.037109375
0 0.203125 0.1630859375 0.029296875 0.041015625