0 0.7197265625 0.8330078125 0.048828125 0.09375
0 0.3857421875 0.7216796875 0.037109375 0.0712890625
0 0.427734375 0.4912109375 0.0322265625 0.0791015625
0 0.201171875 0.216796875 0.0283203125 0.1025390625
0 0.033203125 0.0693359375 0.0498046875 0.037109375
0 0.7900390625 0.1435546875 0.0419921875 0.064453125
0 0.9326171875 0.3349609375 0.0595703125 0.05859375
0 0.5849609375 0.64453125 0.03515625 0.0576171875
0 0.1064453125 0.7646484375 0.02734375 0.068359375
0 0.201171875 0.5205078125 0.0341796875 0.052734375
0 0.7412109375 0.59765625 0.02734375 0.0556640625