0 0.6904296875 0.3974609375 0.033203125 0.1171875
0 0.4873046875 0.4375 0.0517578125 0.0673828125
0 0.4755859375 0.5 0.0205078125 0.0888671875
0 0.19140625 0.7490234375 0.0234375 0.0751953125
0 0.47265625 0.2529296875 0.0498046875 0.037109375
0 0.958984375 0.703125 0.0517578125 0.0302734375
0 0.951171875 0.771484375 0.0244140625 0.08203125
0 0.96875 0.80859375 0.0517578125 0.03515625
0 0.3740234375 0.59765625 0.0400390625 0.0439453125
0 0.486328125 0.3037109375 0.037109375 0.05078125
0 0.525390625 0.2802734375 0.078125 0.0439453125
0 0.0625 0.0576171875 0.10546875 0.0439453125