0 0.6435546875 0.4326171875 0.02734375 0.076171875
0 0.4716796875 0.025390625 0.0234375 0.0478515625
0 0.2734375 0.072265625 0.0322265625 0.0927734375
0 0.21875 0.2080078125 0.078125 0.0390625
0 0.13671875 0.5078125 0.02734375 0.0576171875
0 0.482421875 0.6572265625 0.021484375 0.0634765625
0 0.69140625 0.7626953125 0.033203125 0.0654296875
0 0.7158203125 0.9404296875 0.0205078125 0.052734375
0 0.7001953125 0.6123046875 0.0703125 0.0400390625
0 0.2421875 0.9296875 0.0439453125 0.0771484375
0 0.2890625 0.92578125 0.0224609375 0.0537109375
0 0.1943359375 0.783203125 0.0439453125 0.076171875
0 0.044921875 0.76953125 0.0400390625 0.06640625
0 0.1708984375 0.447265625 0.060546875 0.0458984375
0 0.208984375 0.4013671875 0.0390625 0.0908203125
0 0.2744140625 0.25390625 0.02734375 0.072265625
0 0.728515625 0.423828125 0.0498046875 0.04296875
0 0.5263671875 0.064453125 0.0322265625 0.033203125
0 0.6669921875 0.6455078125 0.0517578125 0.033203125