0 0.2392578125 0.8251953125 0.0849609375 0.0380859375
0 0.2646484375 0.6728515625 0.046875 0.037109375
0 0.205078125 0.466796875 0.0654296875 0.0234375
0 0.23828125 0.501953125 0.0341796875 0.0791015625
0 0.353515625 0.4814453125 0.0654296875 0.0419921875
0 0.5009765625 0.3779296875 0.033203125 0.048828125
0 0.583984375 0.376953125 0.0283203125 0.06640625
0 0.64453125 0.4658203125 0.0966796875 0.0380859375
0 0.638671875 0.6689453125 0.02734375 0.0595703125
0 0.802734375 0.658203125 0.0302734375 0.0625
0 0.716796875 0.4736328125 0.025390625 0.0439453125
0 0.7490234375 0.5 0.0419921875 0.0361328125
0 0.82421875 0.490234375 0.0341796875 0.072265625
0 0.8466796875 0.4951171875 0.0302734375 0.072265625
0 0.8974609375 0.607421875 0.044921875 0.0703125
0 0.732421875 0.2724609375 0.0322265625 0.0625
0 0.927734375 0.0341796875 0.064453125 0.0400390625
0 0.9765625 0.1533203125 0.0458984375 0.037109375
0 0.0146484375 0.1611328125 0.029296875 0.044921875
0 0.4873046875 0.53125 0.037109375 0.111328125
0 0.8515625 0.6484375 0.0556640625 0.048828125