0 0.525390625 0.8662109375 0.0341796875 0.052734375
0 0.63671875 0.642578125 0.0595703125 0.037109375
0 0.6328125 0.36328125 0.0390625 0.0791015625
0 0.8984375 0.72265625 0.0234375 0.0693359375
0 0.7421875 0.509765625 0.0341796875 0.07421875
0 0.447265625 0.98046875 0.025390625 0.02734375
0 0.9384765625 0.744140625 0.017578125 0.064453125
0 0.6494140625 0.44921875 0.0517578125 0.02734375
0 0.3759765625 0.4140625 0.0400390625 0.0322265625
0 0.1435546875 0.3779296875 0.025390625 0.064453125
0 0.1015625 0.8076171875 0.0634765625 0.0712890625
0 0.111328125 0.8974609375 0.033203125 0.1123046875