0 0.3740234375 0.521484375 0.060546875 0.0283203125
0 0.1923828125 0.1669921875 0.03125 0.0302734375
0 0.6142578125 0.388671875 0.068359375 0.0322265625
0 0.28125 0.5 0.0517578125 0.05859375
0 0.666015625 0.6572265625 0.0458984375 0.0361328125
0 0.5419921875 0.7275390625 0.029296875 0.03515625
0 0.5693359375 0.7548828125 0.0263671875 0.03515625
0 0.87890625 0.3974609375 0.0537109375 0.041015625
0 0.24609375 0.599609375 0.0302734375 0.052734375
0 0.439453125 0.3916015625 0.0390625 0.05078125
0 0.044921875 0.806640625 0.02734375 0.03515625