0 0.8046875 0.2978515625 0.0341796875 0.09765625
0 0.2119140625 0.1669921875 0.03515625 0.083984375
0 0.220703125 0.9443359375 0.0634765625 0.037109375
0 0.626953125 0.458984375 0.083984375 0.0322265625
0 0.49609375 0.4130859375 0.072265625 0.0546875
0 0.69921875 0.1328125 0.03515625 0.0576171875
0 0.4677734375 0.6064453125 0.0576171875 0.0576171875
0 0.052734375 0.419921875 0.05859375 0.02734375
0 0.6103515625 0.4892578125 0.046875 0.05078125
0 0.7236328125 0.0927734375 0.0419921875 0.05078125
0 0.8359375 0.8359375 0.0341796875 0.0625
0 0.7158203125 0.83203125 0.0341796875 0.0478515625
0 0.9189453125 0.84375 0.0263671875 0.068359375
0 0.79296875 0.7080078125 0.033203125 0.0771484375
0 0.107421875 0.24609375 0.060546875 0.0400390625