0 0.3427734375 0.3388671875 0.033203125 0.0732421875
0 0.1396484375 0.1689453125 0.0419921875 0.064453125
0 0.029296875 0.0712890625 0.037109375 0.0537109375
0 0.8994140625 0.19921875 0.0615234375 0.07421875
0 0.708984375 0.455078125 0.044921875 0.0888671875
0 0.630859375 0.6376953125 0.048828125 0.037109375
0 0.7880859375 0.7666015625 0.02734375 0.0625
0 0.1591796875 0.642578125 0.04296875 0.0234375
0 0.2080078125 0.6572265625 0.048828125 0.0244140625
0 0.306640625 0.71484375 0.044921875 0.0439453125
0 0.0595703125 0.7333984375 0.033203125 0.0537109375
0 0.55859375 0.9013671875 0.0400390625 0.048828125
0 0.986328125 0.5205078125 0.025390625 0.052734375