0 0.4326171875 0.501953125 0.025390625 0.072265625
0 0.2216796875 0.2900390625 0.048828125 0.05078125
0 0.1669921875 0.0458984375 0.0400390625 0.076171875
0 0.779296875 0.2177734375 0.0390625 0.0556640625
0 0.798828125 0.7822265625 0.037109375 0.0771484375
0 0.7802734375 0.83203125 0.0205078125 0.052734375
0 0.6669921875 0.5068359375 0.056640625 0.0458984375
0 0.1865234375 0.484375 0.0419921875 0.037109375
0 0.248046875 0.4638671875 0.0546875 0.037109375
0 0.3662109375 0.61328125 0.0390625 0.0537109375
0 0.37890625 0.697265625 0.0390625 0.044921875