0 0.60546875 0.3173828125 0.064453125 0.05078125
0 0.400390625 0.07421875 0.0732421875 0.0302734375
0 0.11328125 0.060546875 0.0732421875 0.0576171875
0 0.9091796875 0.015625 0.044921875 0.03125
0 0.8212890625 0.2421875 0.0615234375 0.041015625
0 0.6435546875 0.65234375 0.048828125 0.037109375
0 0.4033203125 0.4306640625 0.0400390625 0.0419921875
0 0.0224609375 0.7451171875 0.04296875 0.05078125
0 0.7998046875 0.892578125 0.0634765625 0.0625
0 0.6796875 0.962890625 0.0556640625 0.0556640625
0 0.703125 0.5224609375 0.037109375 0.0341796875
0 0.8466796875 0.8046875 0.0341796875 0.0302734375