0 0.8310546875 0.2529296875 0.041015625 0.0576171875
0 0.26953125 0.7373046875 0.03125 0.0576171875
0 0.3466796875 0.6357421875 0.03515625 0.052734375
0 0.154296875 0.697265625 0.0244140625 0.080078125
0 0.6435546875 0.9638671875 0.052734375 0.052734375
0 0.5810546875 0.6669921875 0.0537109375 0.03515625
0 0.2646484375 0.3876953125 0.048828125 0.0322265625
0 0.6953125 0.6376953125 0.0576171875 0.029296875
0 0.703125 0.8583984375 0.0537109375 0.0390625
0 0.361328125 0.455078125 0.0126953125 0.0166015625
0 0.3779296875 0.49609375 0.033203125 0.08203125
0 0.0244140625 0.58984375 0.048828125 0.025390625
0 0.1669921875 0.1201171875 0.0390625 0.072265625
0 0.470703125 0.78515625 0.037109375 0.0556640625
0 0.6103515625 0.6171875 0.046875 0.0712890625
0 0.671875 0.6748046875 0.0390625 0.072265625
0 0.6103515625 0.21875 0.056640625 0.0380859375
0 0.029296875 0.9326171875 0.029296875 0.0400390625
0 0.5009765625 0.3876953125 0.0634765625 0.037109375
0 0.798828125 0.3427734375 0.03515625 0.0703125
0 0.5908203125 0.3427734375 0.04296875 0.0537109375