0 0.4560546875 0.5322265625 0.037109375 0.1044921875
0 0.6611328125 0.3271484375 0.037109375 0.0966796875
0 0.1591796875 0.0576171875 0.0634765625 0.0595703125
0 0.5810546875 0.1123046875 0.0205078125 0.0546875
0 0.591796875 0.123046875 0.041015625 0.0322265625
0 0.3896484375 0.21484375 0.0341796875 0.025390625
0 0.7509765625 0.740234375 0.0576171875 0.02734375
0 0.814453125 0.7548828125 0.044921875 0.0595703125
0 0.8232421875 0.7099609375 0.044921875 0.0400390625
0 0.888671875 0.9345703125 0.0224609375 0.072265625
0 0.3037109375 0.603515625 0.0283203125 0.0966796875
0 0.1279296875 0.212890625 0.0322265625 0.0458984375
0 0.080078125 0.2412109375 0.0546875 0.0302734375