0 0.7705078125 0.474609375 0.044921875 0.048828125
0 0.9443359375 0.5029296875 0.0458984375 0.048828125
0 0.9423828125 0.72265625 0.046875 0.03515625
0 0.9794921875 0.7578125 0.0380859375 0.0439453125
0 0.2314453125 0.0654296875 0.0517578125 0.0498046875
0 0.158203125 0.22265625 0.02734375 0.037109375
0 0.2392578125 0.3642578125 0.08984375 0.0537109375
0 0.125 0.5419921875 0.03515625 0.0380859375
0 0.3349609375 0.5400390625 0.0439453125 0.0322265625
0 0.7294921875 0.29296875 0.0556640625 0.0146484375
0 0.8076171875 0.3720703125 0.037109375 0.0439453125
0 0.9150390625 0.1015625 0.0390625 0.0478515625