0 0.0390625 0.365234375 0.0244140625 0.072265625
0 0.1015625 0.1240234375 0.03515625 0.09765625
0 0.2294921875 0.4638671875 0.0224609375 0.0625
0 0.369140625 0.494140625 0.046875 0.0625
0 0.3466796875 0.6572265625 0.0322265625 0.0693359375
0 0.65234375 0.5634765625 0.046875 0.04296875
0 0.8193359375 0.3505859375 0.0224609375 0.0546875
0 0.7451171875 0.724609375 0.0341796875 0.03515625
0 0.8720703125 0.2060546875 0.017578125 0.0576171875
0 0.9580078125 0.193359375 0.0322265625 0.0576171875
0 0.8876953125 0.1513671875 0.0302734375 0.052734375
0 0.232421875 0.1728515625 0.05859375 0.037109375
0 0.5673828125 0.8115234375 0.0380859375 0.0322265625
0 0.818359375 0.724609375 0.044921875 0.033203125
0 0.8115234375 0.69140625 0.0205078125 0.0439453125
0 0.89453125 0.2060546875 0.0185546875 0.0478515625