0 0.689453125 0.041015625 0.0595703125 0.0791015625
0 0.796875 0.0419921875 0.02734375 0.0712890625
0 0.8740234375 0.1494140625 0.0439453125 0.0458984375
0 0.6435546875 0.1953125 0.048828125 0.025390625
0 0.6708984375 0.302734375 0.0302734375 0.0986328125
0 0.814453125 0.353515625 0.052734375 0.08203125
0 0.9736328125 0.8466796875 0.05078125 0.05078125
0 0.3427734375 0.6796875 0.0439453125 0.0439453125
0 0.376953125 0.6630859375 0.033203125 0.0712890625
0 0.3564453125 0.3916015625 0.044921875 0.0634765625
0 0.8662109375 0.4111328125 0.0322265625 0.0556640625