0 0.43359375 0.794921875 0.033203125 0.0576171875
0 0.4296875 0.935546875 0.041015625 0.044921875
0 0.8310546875 0.806640625 0.0263671875 0.048828125
0 0.7294921875 0.8203125 0.025390625 0.072265625
0 0.7578125 0.7119140625 0.0673828125 0.0693359375
0 0.552734375 0.5400390625 0.041015625 0.0546875
0 0.6904296875 0.9296875 0.0390625 0.037109375
0 0.517578125 0.078125 0.056640625 0.052734375
0 0.509765625 0.16796875 0.0673828125 0.0322265625
0 0.4560546875 0.330078125 0.046875 0.0673828125
0 0.865234375 0.16796875 0.0498046875 0.037109375
0 0.1494140625 0.291015625 0.041015625 0.0498046875
0 0.50390625 0.3818359375 0.037109375 0.0693359375
0 0.626953125 0.1572265625 0.037109375 0.05078125
0 0.873046875 0.9560546875 0.02734375 0.0673828125
0 0.1845703125 0.8193359375 0.0322265625 0.05078125