0 0.5029296875 0.306640625 0.0322265625 0.0341796875
0 0.5458984375 0.259765625 0.0498046875 0.0595703125
0 0.4921875 0.5947265625 0.03515625 0.07421875
0 0.3603515625 0.5244140625 0.025390625 0.0771484375
0 0.564453125 0.345703125 0.0546875 0.0546875
0 0.904296875 0.568359375 0.0244140625 0.0576171875
0 0.296875 0.8017578125 0.08203125 0.0390625
0 0.3349609375 0.9091796875 0.02734375 0.037109375
0 0.7001953125 0.7626953125 0.037109375 0.0341796875
0 0.6904296875 0.63671875 0.0234375 0.0458984375
0 0.4111328125 0.248046875 0.02734375 0.07421875
0 0.8974609375 0.224609375 0.068359375 0.04296875
0 0.365234375 0.73046875 0.0263671875 0.041015625
0 0.3466796875 0.091796875 0.0439453125 0.0380859375
0 0.3828125 0.5654296875 0.0244140625 0.0419921875