0 0.1708984375 0.208984375 0.087890625 0.037109375
0 0.3837890625 0.103515625 0.0234375 0.068359375
0 0.298828125 0.10546875 0.04296875 0.052734375
0 0.447265625 0.1962890625 0.0947265625 0.0283203125
0 0.6298828125 0.212890625 0.02734375 0.0654296875
0 0.6484375 0.220703125 0.02734375 0.07421875
0 0.4423828125 0.390625 0.021484375 0.052734375
0 0.060546875 0.4052734375 0.0400390625 0.0400390625
0 0.041015625 0.556640625 0.08203125 0.0302734375
0 0.1083984375 0.7265625 0.05859375 0.037109375
0 0.046875 0.87890625 0.0634765625 0.02734375
0 0.6044921875 0.7353515625 0.02734375 0.0576171875
0 0.890625 0.73828125 0.0419921875 0.0439453125
0 0.609375 0.3994140625 0.02734375 0.072265625
0 0.65234375 0.3740234375 0.0400390625 0.0537109375
0 0.7001953125 0.33203125 0.0400390625 0.07421875