0 0.052734375 0.166015625 0.0263671875 0.052734375
0 0.427734375 0.3359375 0.0302734375 0.0595703125
0 0.3994140625 0.203125 0.0341796875 0.0478515625
0 0.4228515625 0.15625 0.0537109375 0.037109375
0 0.7587890625 0.4541015625 0.0205078125 0.052734375
0 0.7568359375 0.322265625 0.0244140625 0.0673828125
0 0.71484375 0.28125 0.0263671875 0.0791015625
0 0.2060546875 0.802734375 0.0595703125 0.0322265625
0 0.271484375 0.7529296875 0.02734375 0.072265625
0 0.3017578125 0.7646484375 0.0244140625 0.0693359375
0 0.576171875 0.9091796875 0.03515625 0.0478515625
0 0.6005859375 0.8544921875 0.037109375 0.0576171875
0 0.7578125 0.0947265625 0.041015625 0.044921875
0 0.7421875 0.142578125 0.0498046875 0.0439453125
0 0.7919921875 0.212890625 0.029296875 0.04296875
0 0.7978515625 0.1865234375 0.033203125 0.0283203125