0 0.4609375 0.744140625 0.0341796875 0.064453125
0 0.52734375 0.869140625 0.0322265625 0.0693359375
0 0.595703125 0.5947265625 0.0595703125 0.0595703125
0 0.0185546875 0.2548828125 0.033203125 0.064453125
0 0.921875 0.1533203125 0.037109375 0.0625
0 0.56640625 0.3486328125 0.02734375 0.0595703125
0 0.25 0.384765625 0.044921875 0.0576171875
0 0.828125 0.5478515625 0.0537109375 0.03515625
0 0.763671875 0.5380859375 0.03515625 0.0576171875
0 0.4677734375 0.9580078125 0.05859375 0.02734375
0 0.7802734375 0.1083984375 0.04296875 0.099609375
0 0.28125 0.103515625 0.0341796875 0.068359375
0 0.68359375 0.6220703125 0.021484375 0.0556640625
0 0.6953125 0.59765625 0.03515625 0.0537109375
0 0.775390625 0.447265625 0.046875 0.0732421875
0 0.7734375 0.72265625 0.0615234375 0.0380859375
0 0.419921875 0.4677734375 0.04296875 0.060546875