0 0.59765625 0.4794921875 0.029296875 0.041015625
0 0.5205078125 0.2626953125 0.037109375 0.044921875
0 0.482421875 0.3154296875 0.0380859375 0.03515625
0 0.6591796875 0.267578125 0.0205078125 0.0625
0 0.7451171875 0.529296875 0.0205078125 0.048828125
0 0.7041015625 0.609375 0.037109375 0.072265625
0 0.4580078125 0.759765625 0.0322265625 0.0576171875
0 0.380859375 0.5615234375 0.037109375 0.0791015625
0 0.763671875 0.919921875 0.0478515625 0.0322265625
0 0.703125 0.8154296875 0.02734375 0.06640625
0 0.8154296875 0.7568359375 0.044921875 0.02734375
0 0.5654296875 0.9365234375 0.0322265625 0.0791015625
0 0.5576171875 0.7978515625 0.0380859375 0.0361328125
0 0.68359375 0.892578125 0.0302734375 0.0478515625
0 0.8359375 0.142578125 0.0498046875 0.0283203125
0 0.5458984375 0.365234375 0.0458984375 0.0400390625
0 0.478515625 0.5068359375 0.037109375 0.033203125
0 0.7724609375 0.7119140625 0.03125 0.052734375
0 0.4599609375 0.4130859375 0.029296875 0.06640625
0 0.7880859375 0.32421875 0.056640625 0.037109375
0 0.265625 0.1689453125 0.04296875 0.0810546875
0 0.7216796875 0.138671875 0.03515625 0.0556640625
0 0.76171875 0.1416015625 0.0546875 0.07421875
0 0.748046875 0.599609375 0.05078125 0.0654296875
0 0.32421875 0.4267578125 0.0546875 0.041015625