0 0.859375 0.4599609375 0.0185546875 0.0615234375
0 0.416015625 0.7626953125 0.03515625 0.068359375
0 0.3896484375 0.1025390625 0.0693359375 0.099609375
0 0.3857421875 0.2666015625 0.0341796875 0.05078125
0 0.447265625 0.45703125 0.0205078125 0.0771484375
0 0.4716796875 0.513671875 0.0693359375 0.03515625
0 0.5029296875 0.607421875 0.048828125 0.0810546875
0 0.833984375 0.5224609375 0.029296875 0.0302734375
0 0.6845703125 0.888671875 0.0234375 0.0439453125
0 0.8701171875 0.2451171875 0.03515625 0.0419921875
0 0.3154296875 0.0966796875 0.025390625 0.05078125
0 0.865234375 0.55859375 0.0283203125 0.04296875