0 0.849609375 0.345703125 0.025390625 0.07421875
0 0.03515625 0.0595703125 0.068359375 0.0302734375
0 0.1533203125 0.5849609375 0.0712890625 0.0341796875
0 0.4482421875 0.0400390625 0.048828125 0.03515625
0 0.8115234375 0.578125 0.048828125 0.052734375
0 0.8486328125 0.6328125 0.044921875 0.0625
0 0.373046875 0.7431640625 0.0341796875 0.072265625
0 0.4833984375 0.4716796875 0.0224609375 0.0517578125
0 0.255859375 0.4326171875 0.078125 0.0322265625
0 0.265625 0.568359375 0.044921875 0.05078125
0 0.3408203125 0.533203125 0.052734375 0.07421875
0 0.53515625 0.189453125 0.044921875 0.04296875
0 0.0546875 0.1474609375 0.07421875 0.0537109375
0 0.1279296875 0.14453125 0.0302734375 0.0322265625