0 0.169921875 0.0810546875 0.0302734375 0.0673828125
0 0.47265625 0.09375 0.056640625 0.04296875
0 0.3623046875 0.56640625 0.044921875 0.0673828125
0 0.7470703125 0.6123046875 0.0302734375 0.064453125
0 0.82421875 0.5244140625 0.0322265625 0.0771484375
0 0.921875 0.9072265625 0.0341796875 0.0478515625
0 0.73046875 0.7958984375 0.02734375 0.0546875
0 0.3291015625 0.884765625 0.041015625 0.04296875
0 0.388671875 0.6572265625 0.0263671875 0.0703125
0 0.4521484375 0.701171875 0.0302734375 0.064453125
0 0.369140625 0.6728515625 0.0224609375 0.0556640625
0 0.74609375 0.974609375 0.0224609375 0.037109375
0 0.740234375 0.9248046875 0.0234375 0.05859375
0 0.333984375 0.3369140625 0.02734375 0.0390625
0 0.017578125 0.205078125 0.03515625 0.04296875
0 0.904296875 0.248046875 0.03125 0.0673828125