0 0.1201171875 0.25390625 0.0654296875 0.0380859375
0 0.38671875 0.34765625 0.060546875 0.1064453125
0 0.4814453125 0.369140625 0.02734375 0.0703125
0 0.56640625 0.3857421875 0.037109375 0.0966796875
0 0.779296875 0.0595703125 0.0537109375 0.0556640625
0 0.974609375 0.302734375 0.0390625 0.03515625
0 0.9365234375 0.341796875 0.0390625 0.0361328125
0 0.982421875 0.3662109375 0.033203125 0.0703125
0 0.7578125 0.3955078125 0.0283203125 0.1025390625
0 0.7734375 0.5703125 0.029296875 0.09765625
0 0.966796875 0.76171875 0.046875 0.0390625
0 0.4091796875 0.689453125 0.05078125 0.025390625
0 0.5107421875 0.0341796875 0.0322265625 0.064453125
0 0.5048828125 0.1669921875 0.0615234375 0.107421875
0 0.5576171875 0.1220703125 0.0546875 0.0478515625