0 0.3935546875 0.5263671875 0.025390625 0.0673828125
0 0.4697265625 0.716796875 0.0283203125 0.0693359375
0 0.6171875 0.66796875 0.0498046875 0.0478515625
0 0.8125 0.494140625 0.0693359375 0.0322265625
0 0.234375 0.765625 0.046875 0.02734375
0 0.033203125 0.517578125 0.03515625 0.044921875
0 0.30078125 0.8310546875 0.044921875 0.0595703125
0 0.3857421875 0.8427734375 0.0498046875 0.037109375
0 0.8134765625 0.9482421875 0.056640625 0.03515625
0 0.85546875 0.2724609375 0.05078125 0.0478515625
0 0.54296875 0.12109375 0.0595703125 0.037109375
0 0.4560546875 0.556640625 0.0283203125 0.0771484375
0 0.90625 0.6572265625 0.0390625 0.0537109375
0 0.16796875 0.9150390625 0.025390625 0.04296875
0 0.05859375 0.8525390625 0.04296875 0.0888671875
0 0.08203125 0.4345703125 0.0400390625 0.07421875
0 0.95703125 0.076171875 0.0478515625 0.060546875