0 0.9677734375 0.4189453125 0.0439453125 0.068359375
0 0.6943359375 0.3583984375 0.056640625 0.0380859375
0 0.599609375 0.02734375 0.060546875 0.05078125
0 0.2001953125 0.048828125 0.0302734375 0.0810546875
0 0.1318359375 0.0458984375 0.0224609375 0.03515625
0 0.154296875 0.064453125 0.0302734375 0.037109375
0 0.1474609375 0.1142578125 0.0419921875 0.0380859375
0 0.02734375 0.1474609375 0.0302734375 0.052734375
0 0.349609375 0.3671875 0.0234375 0.0625
0 0.4609375 0.4794921875 0.0341796875 0.0771484375
0 0.1171875 0.46484375 0.068359375 0.0556640625
0 0.4560546875 0.615234375 0.0185546875 0.02734375
0 0.45703125 0.6640625 0.0224609375 0.0537109375
0 0.384765625 0.7734375 0.0322265625 0.0693359375
0 0.345703125 0.9423828125 0.037109375 0.0537109375
0 0.501953125 0.982421875 0.04296875 0.0341796875
0 0.5556640625 0.9716796875 0.02734375 0.0546875
0 0.9443359375 0.791015625 0.03125 0.0849609375
0 0.7802734375 0.7666015625 0.033203125 0.0654296875
0 0.7412109375 0.978515625 0.0439453125 0.0419921875
0 0.97265625 0.9150390625 0.0380859375 0.0927734375
0 0.697265625 0.5478515625 0.0185546875 0.033203125
0 0.6904296875 0.5908203125 0.0205078125 0.0380859375
0 0.0703125 0.056640625 0.0341796875 0.05859375
0 0.517578125 0.578125 0.0244140625 0.0703125