0 0.0361328125 0.3203125 0.0263671875 0.0625
0 0.072265625 0.330078125 0.0693359375 0.0478515625
0 0.3427734375 0.6337890625 0.087890625 0.0322265625
0 0.2568359375 0.5361328125 0.0576171875 0.08203125
0 0.4150390625 0.4853515625 0.0615234375 0.03515625
0 0.7451171875 0.52734375 0.041015625 0.0947265625
0 0.9375 0.8359375 0.076171875 0.0400390625
0 0.1220703125 0.509765625 0.0185546875 0.0888671875
0 0.154296875 0.5185546875 0.0595703125 0.05859375
0 0.8349609375 0.626953125 0.0244140625 0.0771484375
0 0.8154296875 0.578125 0.0419921875 0.037109375
0 0.9580078125 0.52734375 0.037109375 0.0791015625
0 0.8583984375 0.583984375 0.0302734375 0.0556640625
0 0.8759765625 0.5791015625 0.021484375 0.05859375