0 0.44140625 0.2470703125 0.02734375 0.0693359375
0 0.1435546875 0.435546875 0.029296875 0.06640625
0 0.70703125 0.7568359375 0.03515625 0.052734375
0 0.64453125 0.4853515625 0.0234375 0.056640625
0 0.5927734375 0.1328125 0.02734375 0.0625
0 0.6181640625 0.1494140625 0.0302734375 0.06640625
0 0.5078125 0.4443359375 0.0283203125 0.05859375
0 0.3564453125 0.4755859375 0.060546875 0.0302734375
0 0.3310546875 0.5439453125 0.05859375 0.0419921875
0 0.3359375 0.8037109375 0.033203125 0.0478515625
0 0.4013671875 0.5458984375 0.0322265625 0.0712890625
0 0.2412109375 0.267578125 0.0322265625 0.0966796875
0 0.7646484375 0.5771484375 0.0283203125 0.0869140625
0 0.9189453125 0.2578125 0.02734375 0.0673828125
0 0.68359375 0.1552734375 0.03515625 0.0849609375
0 0.5185546875 0.61328125 0.0654296875 0.06640625
0 0.6796875 0.3623046875 0.02734375 0.0478515625
0 0.6591796875 0.4208984375 0.0283203125 0.0654296875