0 0.37890625 0.1728515625 0.033203125 0.095703125
0 0.380859375 0.33984375 0.056640625 0.072265625
0 0.2314453125 0.634765625 0.0224609375 0.0458984375
0 0.2578125 0.5751953125 0.033203125 0.0478515625
0 0.072265625 0.6923828125 0.0234375 0.0576171875
0 0.1484375 0.96484375 0.0302734375 0.060546875
0 0.3447265625 0.853515625 0.0234375 0.09765625
0 0.4814453125 0.7255859375 0.044921875 0.06640625
0 0.7109375 0.822265625 0.03515625 0.0537109375
0 0.6279296875 0.97265625 0.0341796875 0.052734375
0 0.90625 0.5888671875 0.02734375 0.1064453125
0 0.69921875 0.5703125 0.0302734375 0.06640625
0 0.3447265625 0.548828125 0.0439453125 0.0361328125
0 0.9384765625 0.2998046875 0.046875 0.0419921875
0 0.248046875 0.1435546875 0.0498046875 0.04296875
0 0.40234375 0.5283203125 0.025390625 0.0390625
0 0.017578125 0.8623046875 0.02734375 0.060546875