0 0.2373046875 0.1318359375 0.044921875 0.0478515625
0 0.0703125 0.0224609375 0.0712890625 0.0439453125
0 0.4931640625 0.490234375 0.0380859375 0.06640625
0 0.4951171875 0.5791015625 0.025390625 0.0654296875
0 0.5107421875 0.619140625 0.0302734375 0.0771484375
0 0.2138671875 0.6357421875 0.0302734375 0.05078125
0 0.18359375 0.697265625 0.0224609375 0.0595703125
0 0.2109375 0.6982421875 0.0458984375 0.0576171875
0 0.810546875 0.4423828125 0.02734375 0.060546875
0 0.8466796875 0.4091796875 0.048828125 0.044921875
0 0.580078125 0.4423828125 0.0302734375 0.0537109375
0 0.5859375 0.365234375 0.0390625 0.0283203125
0 0.6943359375 0.376953125 0.0283203125 0.0791015625
0 0.7041015625 0.228515625 0.05078125 0.03515625
0 0.6708984375 0.0478515625 0.0390625 0.0361328125
0 0.751953125 0.9716796875 0.060546875 0.0546875
0 0.9716796875 0.89453125 0.0537109375 0.052734375
0 0.943359375 0.7001953125 0.0888671875 0.037109375
0 0.4501953125 0.67578125 0.05078125 0.0400390625
0 0.2890625 0.2890625 0.0302734375 0.08984375
0 0.9248046875 0.3349609375 0.060546875 0.04296875
0 0.95703125 0.0224609375 0.056640625 0.0439453125
0 0.1953125 0.875 0.037109375 0.0537109375