0 0.1875 0.7900390625 0.0546875 0.02734375
0 0.8486328125 0.05859375 0.02734375 0.072265625
0 0.7998046875 0.26171875 0.0498046875 0.0400390625
0 0.619140625 0.0380859375 0.04296875 0.07421875
0 0.2314453125 0.7265625 0.048828125 0.0693359375
0 0.27734375 0.658203125 0.0537109375 0.0576171875
0 0.51171875 0.9169921875 0.0302734375 0.087890625
0 0.5546875 0.6025390625 0.0302734375 0.0693359375
0 0.361328125 0.7392578125 0.0537109375 0.029296875
0 0.4375 0.869140625 0.0205078125 0.064453125
0 0.236328125 0.833984375 0.05859375 0.0546875
0 0.5751953125 0.8310546875 0.0546875 0.0400390625
0 0.6416015625 0.5537109375 0.021484375 0.048828125
0 0.0927734375 0.0810546875 0.0283203125 0.041015625
0 0.099609375 0.212890625 0.0419921875 0.048828125
0 0.26171875 0.3935546875 0.033203125 0.0625
0 0.77734375 0.0283203125 0.02734375 0.0537109375
0 0.978515625 0.0166015625 0.025390625 0.033203125