0 0.6455078125 0.5029296875 0.037109375 0.083984375
0 0.6962890625 0.5595703125 0.044921875 0.044921875
0 0.9296875 0.509765625 0.0498046875 0.07421875
0 0.4765625 0.240234375 0.048828125 0.0576171875
0 0.2802734375 0.8115234375 0.08203125 0.044921875
0 0.1572265625 0.58203125 0.037109375 0.060546875
0 0.056640625 0.7421875 0.03515625 0.0625
0 0.560546875 0.37890625 0.03125 0.0498046875
0 0.7822265625 0.1201171875 0.08203125 0.0693359375
0 0.693359375 0.7666015625 0.04296875 0.0400390625
0 0.5556640625 0.9052734375 0.0234375 0.0498046875
0 0.44921875 0.0244140625 0.0361328125 0.0458984375
0 0.0966796875 0.3974609375 0.0400390625 0.072265625
0 0.1220703125 0.2021484375 0.0400390625 0.060546875
0 0.052734375 0.8408203125 0.056640625 0.04296875