0 0.26171875 0.4345703125 0.0283203125 0.0791015625
0 0.080078125 0.576171875 0.037109375 0.041015625
0 0.20703125 0.80859375 0.0595703125 0.0283203125
0 0.3193359375 0.806640625 0.03125 0.04296875
0 0.5 0.6552734375 0.029296875 0.09765625
0 0.76171875 0.5546875 0.0302734375 0.0390625
0 0.87109375 0.2978515625 0.02734375 0.0625
0 0.716796875 0.064453125 0.0546875 0.0400390625
0 0.3447265625 0.267578125 0.0283203125 0.0654296875
0 0.03515625 0.7001953125 0.0439453125 0.02734375
0 0.0166015625 0.76171875 0.0322265625 0.048828125
0 0.8232421875 0.52734375 0.0390625 0.041015625