0 0.72265625 0.1572265625 0.056640625 0.0498046875
0 0.11328125 0.3828125 0.0732421875 0.02734375
0 0.2490234375 0.623046875 0.0615234375 0.04296875
0 0.3271484375 0.615234375 0.0263671875 0.0595703125
0 0.3525390625 0.6474609375 0.052734375 0.0341796875
0 0.4794921875 0.26171875 0.048828125 0.0244140625
0 0.08203125 0.6181640625 0.052734375 0.0322265625
0 0.2060546875 0.6103515625 0.056640625 0.0283203125
0 0.0146484375 0.197265625 0.029296875 0.04296875
0 0.03515625 0.1611328125 0.03515625 0.0458984375
0 0.60546875 0.8779296875 0.05078125 0.044921875
0 0.44921875 0.822265625 0.0322265625 0.0576171875
0 0.203125 0.7373046875 0.0498046875 0.05078125
0 0.7822265625 0.7744140625 0.0234375 0.0576171875
0 0.4541015625 0.52734375 0.04296875 0.1015625