0 0.8154296875 0.0498046875 0.0712890625 0.044921875
0 0.9736328125 0.1103515625 0.041015625 0.083984375
0 0.083984375 0.083984375 0.0263671875 0.0927734375
0 0.1533203125 0.7529296875 0.044921875 0.052734375
0 0.3671875 0.7197265625 0.03515625 0.0546875
0 0.4091796875 0.9287109375 0.0556640625 0.0400390625
0 0.50390625 0.11328125 0.03515625 0.0908203125
0 0.5595703125 0.068359375 0.0400390625 0.0927734375
0 0.1259765625 0.505859375 0.0283203125 0.0712890625
0 0.91796875 0.208984375 0.0380859375 0.0703125
0 0.828125 0.55859375 0.037109375 0.0458984375
0 0.8134765625 0.6298828125 0.0390625 0.048828125
0 0.666015625 0.5703125 0.0751953125 0.0439453125
0 0.1767578125 0.6943359375 0.03515625 0.06640625
0 0.8671875 0.966796875 0.02734375 0.064453125
0 0.3466796875 0.462890625 0.0263671875 0.044921875