0 0.6591796875 0.7001953125 0.0263671875 0.072265625
0 0.73046875 0.9453125 0.0205078125 0.052734375
0 0.751953125 0.970703125 0.0224609375 0.04296875
0 0.7421875 0.4638671875 0.05859375 0.044921875
0 0.640625 0.6142578125 0.046875 0.03515625
0 0.365234375 0.4404296875 0.017578125 0.037109375
0 0.39453125 0.4423828125 0.0546875 0.04296875
0 0.40234375 0.4052734375 0.056640625 0.037109375
0 0.466796875 0.38671875 0.0537109375 0.04296875
0 0.359375 0.365234375 0.037109375 0.0400390625
0 0.4609375 0.3173828125 0.0712890625 0.05859375
0 0.6015625 0.177734375 0.0498046875 0.0537109375
0 0.6123046875 0.1220703125 0.02734375 0.0478515625
0 0.62890625 0.1064453125 0.0341796875 0.0576171875
0 0.5966796875 0.064453125 0.029296875 0.0576171875
0 0.0234375 0.169921875 0.0400390625 0.07421875
0 0.4755859375 0.615234375 0.0205078125 0.044921875
0 0.466796875 0.583984375 0.05078125 0.0390625
0 0.4580078125 0.6240234375 0.033203125 0.060546875