0 0.4482421875 0.3388671875 0.041015625 0.07421875
0 0.5 0.33984375 0.0556640625 0.037109375
0 0.1689453125 0.470703125 0.0126953125 0.0166015625
0 0.1845703125 0.498046875 0.03125 0.0546875
0 0.1015625 0.6474609375 0.046875 0.0341796875
0 0.57421875 0.384765625 0.0283203125 0.072265625
0 0.9541015625 0.39453125 0.0224609375 0.0478515625
0 0.6025390625 0.5615234375 0.0322265625 0.087890625
0 0.7177734375 0.6748046875 0.02734375 0.05078125
0 0.2109375 0.65234375 0.0302734375 0.04296875
0 0.619140625 0.1962890625 0.0341796875 0.056640625
0 0.12109375 0.171875 0.0498046875 0.0673828125
0 0.4736328125 0.0322265625 0.02734375 0.0634765625
0 0.8896484375 0.59375 0.0517578125 0.0615234375
0 0.8251953125 0.927734375 0.0458984375 0.060546875