0 0.162109375 0.1025390625 0.0498046875 0.0576171875
0 0.3427734375 0.439453125 0.0703125 0.0791015625
0 0.3876953125 0.6455078125 0.0341796875 0.1005859375
0 0.3232421875 0.73046875 0.0390625 0.033203125
0 0.5078125 0.732421875 0.037109375 0.0439453125
0 0.521484375 0.818359375 0.0234375 0.083984375
0 0.70703125 0.54296875 0.0361328125 0.0537109375
0 0.693359375 0.494140625 0.0546875 0.037109375
0 0.9541015625 0.3720703125 0.0244140625 0.072265625
0 0.609375 0.787109375 0.025390625 0.0654296875
0 0.626953125 0.7333984375 0.0302734375 0.0771484375
0 0.7001953125 0.904296875 0.0400390625 0.0556640625
0 0.9755859375 0.0224609375 0.029296875 0.044921875
0 0.4072265625 0.873046875 0.0400390625 0.05078125
0 0.7431640625 0.16015625 0.0458984375 0.0771484375