0 0.798828125 0.41796875 0.06640625 0.0947265625
0 0.5419921875 0.1591796875 0.04296875 0.099609375
0 0.3291015625 0.68359375 0.044921875 0.087890625
0 0.0595703125 0.5888671875 0.025390625 0.0673828125
0 0.1708984375 0.80859375 0.0615234375 0.0439453125
0 0.8642578125 0.6357421875 0.0302734375 0.08203125
0 0.80078125 0.294921875 0.0751953125 0.052734375
0 0.4140625 0.8798828125 0.0322265625 0.037109375
0 0.19140625 0.2470703125 0.04296875 0.0751953125
0 0.8583984375 0.8828125 0.03515625 0.1044921875
0 0.6328125 0.857421875 0.0419921875 0.048828125
0 0.6435546875 0.8115234375 0.060546875 0.0439453125
0 0.16796875 0.85546875 0.0556640625 0.0625
0 0.927734375 0.6298828125 0.056640625 0.05859375
0 0.4794921875 0.484375 0.0625 0.0302734375
0 0.5029296875 0.611328125 0.0478515625 0.0380859375
0 0.7578125 0.5234375 0.0302734375 0.076171875