0 0.3447265625 0.740234375 0.03515625 0.04296875
0 0.3671875 0.7900390625 0.03515625 0.052734375
0 0.7490234375 0.7646484375 0.0322265625 0.07421875
0 0.548828125 0.5771484375 0.0751953125 0.0439453125
0 0.3994140625 0.412109375 0.044921875 0.046875
0 0.3232421875 0.5615234375 0.0224609375 0.0673828125
0 0.4541015625 0.8388671875 0.0263671875 0.07421875
0 0.6708984375 0.126953125 0.0244140625 0.0595703125
0 0.083984375 0.056640625 0.02734375 0.0791015625
0 0.2490234375 0.767578125 0.060546875 0.02734375
0 0.373046875 0.23828125 0.0322265625 0.048828125