0 0.802734375 0.4482421875 0.0302734375 0.087890625
0 0.828125 0.294921875 0.025390625 0.072265625
0 0.982421875 0.375 0.0322265625 0.037109375
0 0.9716796875 0.8232421875 0.0546875 0.0458984375
0 0.7861328125 0.7021484375 0.0283203125 0.025390625
0 0.8076171875 0.732421875 0.017578125 0.05078125
0 0.517578125 0.904296875 0.02734375 0.0908203125
0 0.546875 0.859375 0.0283203125 0.0693359375
0 0.2978515625 0.986328125 0.0517578125 0.0263671875
0 0.5859375 0.2998046875 0.08203125 0.037109375
0 0.513671875 0.552734375 0.0341796875 0.0556640625