0 0.2060546875 0.3388671875 0.0517578125 0.09375
0 0.111328125 0.6328125 0.0390625 0.0341796875
0 0.1865234375 0.802734375 0.029296875 0.0576171875
0 0.8818359375 0.4599609375 0.0322265625 0.087890625
0 0.5703125 0.7109375 0.0283203125 0.0771484375
0 0.509765625 0.9375 0.044921875 0.0771484375
0 0.388671875 0.0322265625 0.04296875 0.0390625
0 0.537109375 0.59765625 0.03515625 0.064453125
0 0.7236328125 0.6650390625 0.0205078125 0.048828125
0 0.75 0.6279296875 0.025390625 0.0537109375
0 0.3359375 0.310546875 0.03515625 0.0634765625
0 0.15234375 0.03515625 0.0390625 0.0625
0 0.9140625 0.41796875 0.0732421875 0.052734375
0 0.15625 0.970703125 0.0712890625 0.048828125
0 0.326171875 0.90625 0.03515625 0.08203125
0 0.470703125 0.7783203125 0.0400390625 0.03515625