0 0.5517578125 0.5517578125 0.064453125 0.0341796875
0 0.462890625 0.4931640625 0.046875 0.03515625
0 0.732421875 0.4072265625 0.0263671875 0.0322265625
0 0.3056640625 0.2197265625 0.05859375 0.0419921875
0 0.2177734375 0.0732421875 0.0400390625 0.0322265625
0 0.6796875 0.2998046875 0.0390625 0.03515625
0 0.6953125 0.228515625 0.0537109375 0.03515625
0 0.5263671875 0.08984375 0.056640625 0.033203125
0 0.0234375 0.837890625 0.046875 0.0205078125
0 0.05078125 0.90234375 0.05078125 0.0205078125
0 0.1123046875 0.58984375 0.0126953125 0.0166015625
0 0.13671875 0.6044921875 0.0498046875 0.029296875