0 0.376953125 0.400390625 0.037109375 0.0546875
0 0.35546875 0.5625 0.02734375 0.0888671875
0 0.4013671875 0.5419921875 0.041015625 0.0625
0 0.4609375 0.416015625 0.0703125 0.0439453125
0 0.94140625 0.5595703125 0.0498046875 0.064453125
0 0.8212890625 0.599609375 0.0185546875 0.0595703125
0 0.138671875 0.7578125 0.046875 0.087890625
0 0.29296875 0.1328125 0.0439453125 0.0390625
0 0.4580078125 0.8671875 0.029296875 0.03125
0 0.4970703125 0.873046875 0.0400390625 0.041015625
0 0.0390625 0.755859375 0.0224609375 0.0283203125
0 0.0859375 0.6357421875 0.025390625 0.05078125
0 0.0849609375 0.59765625 0.029296875 0.0380859375
0 0.8818359375 0.7548828125 0.056640625 0.0556640625
0 0.6806640625 0.6943359375 0.0322265625 0.0537109375
0 0.45703125 0.3037109375 0.046875 0.0302734375
0 0.462890625 0.2880859375 0.0419921875 0.0341796875
0 0.0302734375 0.1845703125 0.0556640625 0.0390625