0 0.548828125 0.3203125 0.0302734375 0.0673828125
0 0.8095703125 0.0888671875 0.048828125 0.052734375
0 0.8642578125 0.162109375 0.0126953125 0.0166015625
0 0.87890625 0.1953125 0.0302734375 0.0673828125
0 0.8955078125 0.392578125 0.0673828125 0.0625
0 0.1689453125 0.724609375 0.0126953125 0.0166015625
0 0.1904296875 0.751953125 0.044921875 0.0546875
0 0.6806640625 0.453125 0.02734375 0.07421875
0 0.5185546875 0.1376953125 0.046875 0.0654296875
0 0.9560546875 0.083984375 0.046875 0.0771484375
0 0.150390625 0.85546875 0.0322265625 0.0498046875
0 0.470703125 0.3583984375 0.0341796875 0.1044921875
0 0.0576171875 0.7451171875 0.080078125 0.0693359375
0 0.1103515625 0.7822265625 0.064453125 0.02734375
0 0.3251953125 0.4248046875 0.037109375 0.0771484375