0 0.0966796875 0.2958984375 0.0517578125 0.0400390625
0 0.4248046875 0.08203125 0.0390625 0.0654296875
0 0.5009765625 0.1650390625 0.0390625 0.0400390625
0 0.5732421875 0.966796875 0.044921875 0.0625
0 0.56640625 0.89453125 0.03125 0.0322265625
0 0.705078125 0.8359375 0.04296875 0.0498046875
0 0.9638671875 0.7646484375 0.0654296875 0.03515625
0 0.6748046875 0.1416015625 0.0322265625 0.052734375
0 0.6640625 0.212890625 0.0205078125 0.0576171875
0 0.4130859375 0.619140625 0.06640625 0.033203125
0 0.75 0.1533203125 0.0537109375 0.0439453125
0 0.9794921875 0.1201171875 0.0390625 0.0380859375