0 0.37890625 0.52734375 0.041015625 0.091796875
0 0.3193359375 0.822265625 0.0263671875 0.0654296875
0 0.3212890625 0.875 0.0185546875 0.0439453125
0 0.41015625 0.7080078125 0.0498046875 0.064453125
0 0.53515625 0.8291015625 0.0546875 0.041015625
0 0.46875 0.8603515625 0.0224609375 0.0673828125
0 0.6484375 0.3232421875 0.068359375 0.0576171875
0 0.2802734375 0.3447265625 0.0703125 0.017578125
0 0.306640625 0.1767578125 0.044921875 0.04296875
0 0.462890625 0.46484375 0.0634765625 0.0322265625
0 0.1943359375 0.611328125 0.064453125 0.0224609375
0 0.0185546875 0.9169921875 0.037109375 0.0361328125
0 0.5888671875 0.1416015625 0.0419921875 0.0400390625
0 0.5400390625 0.494140625 0.02734375 0.02734375
0 0.0986328125 0.7548828125 0.0615234375 0.033203125
0 0.6494140625 0.7197265625 0.0556640625 0.0400390625