0 0.74609375 0.6025390625 0.041015625 0.0458984375
0 0.4814453125 0.6767578125 0.037109375 0.060546875
0 0.3681640625 0.7177734375 0.021484375 0.0537109375
0 0.3408203125 0.2333984375 0.033203125 0.0556640625
0 0.3779296875 0.2119140625 0.048828125 0.0556640625
0 0.1708984375 0.12890625 0.0419921875 0.052734375
0 0.7119140625 0.4794921875 0.02734375 0.0458984375
0 0.3740234375 0.5107421875 0.04296875 0.033203125
0 0.244140625 0.771484375 0.0322265625 0.0380859375
0 0.4609375 0.767578125 0.0771484375 0.0478515625
0 0.982421875 0.9033203125 0.0341796875 0.05078125
0 0.865234375 0.2412109375 0.03515625 0.0302734375
0 0.0244140625 0.125 0.0439453125 0.033203125
0 0.2109375 0.04296875 0.0498046875 0.03515625