0 0.0419921875 0.521484375 0.03515625 0.0576171875
0 0.177734375 0.517578125 0.0537109375 0.0205078125
0 0.240234375 0.4951171875 0.033203125 0.0625
0 0.4296875 0.4228515625 0.0439453125 0.0791015625
0 0.45703125 0.3291015625 0.0390625 0.046875
0 0.4931640625 0.7783203125 0.04296875 0.052734375
0 0.3896484375 0.9365234375 0.05078125 0.0419921875
0 0.5751953125 0.6787109375 0.0419921875 0.076171875
0 0.6552734375 0.7470703125 0.03515625 0.0712890625
0 0.833984375 0.6953125 0.02734375 0.0693359375
0 0.9404296875 0.51953125 0.021484375 0.0791015625
0 0.87109375 0.201171875 0.0439453125 0.05078125