0 0.5927734375 0.302734375 0.087890625 0.0322265625
0 0.662109375 0.7744140625 0.0244140625 0.0986328125
0 0.7890625 0.638671875 0.0390625 0.037109375
0 0.5078125 0.087890625 0.037109375 0.0595703125
0 0.1376953125 0.85546875 0.04296875 0.0498046875
0 0.767578125 0.8759765625 0.03515625 0.0888671875
0 0.7822265625 0.8046875 0.03515625 0.076171875
0 0.9755859375 0.9736328125 0.021484375 0.04296875
0 0.3876953125 0.9609375 0.0322265625 0.04296875
0 0.40234375 0.9404296875 0.0390625 0.025390625
0 0.4521484375 0.966796875 0.0458984375 0.03515625
0 0.197265625 0.884765625 0.0283203125 0.0419921875
0 0.2373046875 0.896484375 0.0302734375 0.0322265625
0 0.1748046875 0.8251953125 0.0224609375 0.0595703125
0 0.1962890625 0.9287109375 0.04296875 0.03515625
0 0.7578125 0.1318359375 0.0234375 0.03125
0 0.71875 0.0478515625 0.0224609375 0.041015625
0 0.734375 0.087890625 0.02734375 0.048828125