0 0.9521484375 0.560546875 0.0234375 0.0673828125
0 0.5146484375 0.267578125 0.04296875 0.0458984375
0 0.23828125 0.5029296875 0.0517578125 0.04296875
0 0.2216796875 0.37890625 0.044921875 0.0322265625
0 0.3232421875 0.4892578125 0.04296875 0.0576171875
0 0.287109375 0.5078125 0.0478515625 0.060546875
0 0.140625 0.5107421875 0.046875 0.07421875
0 0.626953125 0.1826171875 0.0263671875 0.0537109375
0 0.6474609375 0.169921875 0.02734375 0.046875
0 0.6875 0.1650390625 0.0322265625 0.0712890625
0 0.8486328125 0.1328125 0.0400390625 0.091796875
0 0.767578125 0.3798828125 0.03515625 0.0380859375
0 0.6171875 0.3837890625 0.015625 0.0419921875
0 0.634765625 0.3779296875 0.033203125 0.0400390625
0 0.6220703125 0.3427734375 0.0224609375 0.0576171875
0 0.296875 0.169921875 0.0322265625 0.0400390625
0 0.376953125 0.640625 0.02734375 0.0478515625
0 0.3876953125 0.615234375 0.05078125 0.0322265625
0 0.2802734375 0.833984375 0.0654296875 0.052734375