0 0.220703125 0.7548828125 0.0341796875 0.087890625
0 0.23828125 0.5654296875 0.0390625 0.0693359375
0 0.1552734375 0.2763671875 0.0263671875 0.103515625
0 0.0341796875 0.11328125 0.044921875 0.0966796875
0 0.958984375 0.8212890625 0.0302734375 0.064453125
0 0.74609375 0.5439453125 0.0283203125 0.0673828125
0 0.66015625 0.3896484375 0.046875 0.0673828125
0 0.5927734375 0.68359375 0.0283203125 0.087890625
0 0.6064453125 0.427734375 0.037109375 0.0439453125
0 0.544921875 0.70703125 0.0556640625 0.025390625
0 0.8134765625 0.7431640625 0.029296875 0.060546875