0 0.75390625 0.3681640625 0.0224609375 0.0751953125
0 0.302734375 0.3701171875 0.048828125 0.0478515625
0 0.6845703125 0.5966796875 0.029296875 0.0625
0 0.2470703125 0.875 0.0341796875 0.0625
0 0.4169921875 0.7451171875 0.0390625 0.052734375
0 0.69921875 0.388671875 0.0283203125 0.0546875
0 0.23828125 0.6689453125 0.021484375 0.0537109375
0 0.431640625 0.931640625 0.0615234375 0.025390625
0 0.9375 0.7353515625 0.0322265625 0.0537109375
0 0.513671875 0.5048828125 0.03515625 0.05859375
0 0.3427734375 0.1826171875 0.04296875 0.0390625
0 0.16796875 0.3583984375 0.021484375 0.0419921875