0 0.1005859375 0.2431640625 0.0419921875 0.0673828125
0 0.2197265625 0.56640625 0.0400390625 0.07421875
0 0.31640625 0.15234375 0.046875 0.037109375
0 0.2529296875 0.1083984375 0.0419921875 0.0556640625
0 0.3515625 0.1845703125 0.0185546875 0.04296875
0 0.38671875 0.2333984375 0.0263671875 0.076171875
0 0.3173828125 0.548828125 0.0234375 0.04296875
0 0.404296875 0.1201171875 0.025390625 0.0400390625
0 0.837890625 0.494140625 0.033203125 0.037109375
0 0.802734375 0.755859375 0.0498046875 0.0322265625
0 0.84765625 0.5703125 0.0439453125 0.06640625